0 0.867188 0.578241 0.021875 0.0805556
0 0.553385 0.901389 0.0380208 0.110185
0 0.460156 0.916667 0.0203125 0.0666667
0 0.522917 0.90787 0.0291667 0.110185
0 0.769792 0.565741 0.0427083 0.0814815
0 0.80599 0.672685 0.0171875 0.115741
0 0.277604 0.908796 0.0197917 0.110185
0 0.426823 0.681481 0.0338542 0.1
0 0.859115 0.575 0.0307292 0.105556
0 0.646354 0.908796 0.0208333 0.0916667
0 0.464583 0.915278 0.0260417 0.113889
0 0.977083 0.818519 0.0458333 0.0944444
0 0.397656 0.910185 0.0276042 0.111111
0 0.8625 0.329167 0.0333333 0.113889
0 0.526042 0.687963 0.0333333 0.127778
0 0.585417 0.680093 0.034375 0.0916667
0 0.492188 0.90787 0.0270833 0.132407
0 0.460417 0.673611 0.034375 0.115741
0 0.835417 0.575463 0.03125 0.125
0 0.710417 0.208333 0.0354167 0.0740741
0 0.644271 0.672222 0.0385417 0.103704
0 0.677344 0.887963 0.0401042 0.0814815
0 0.769792 0.2125 0.0333333 0.119444
0 0.833594 0.211111 0.0265625 0.111111
0 0.710156 0.214352 0.0203125 0.121296
0 0.552604 0.681944 0.0395833 0.0953704
0 0.709635 0.904167 0.0359375 0.075
0 0.743229 0.672685 0.0302083 0.121296
0 0.584896 0.906482 0.0416667 0.0925926
0 0.803646 0.67037 0.0395833 0.131481
0 0.676562 0.672222 0.0333333 0.112963
0 0.771615 0.576852 0.0213542 0.114815
0 0.617708 0.671759 0.0354167 0.126852
0 0.64375 0.907407 0.0395833 0.118519
0 0.801823 0.319907 0.0296875 0.119444
