0 0.979427 0.759259 0.0369792 0.0388889
0 0.984115 0.924537 0.0317708 0.0675926
0 0.68776 0.171759 0.0723958 0.0675926
0 0.29401 0.418056 0.0776042 0.0768519
0 0.705208 0.768981 0.0833333 0.0768519
0 0.96875 0.171296 0.0625 0.0777778
0 0.304948 0.916667 0.0776042 0.0907407
0 0.609115 0.763426 0.0848958 0.0787037
0 0.391146 0.929167 0.0760417 0.0824074
0 0.427344 0.761111 0.107813 0.0944444
0 0.897396 0.177778 0.071875 0.0722222
0 0.09375 0.409259 0.0854167 0.0722222
0 0.96849 0.252778 0.0630208 0.0740741
0 0.09375 0.162963 0.09375 0.0759259
0 0.907812 0.410648 0.0916667 0.0805556
0 0.983594 0.762963 0.0328125 0.0851852
0 0.976562 0.414352 0.0458333 0.0657407
0 0.390625 0.25 0.0822917 0.0796296
0 0.969792 0.333796 0.0604167 0.0712963
0 0.607813 0.3375 0.071875 0.075
0 0.59974 0.401389 0.0984375 0.0861111
0 0.696875 0.926852 0.0864583 0.0814815
0 0.391146 0.158796 0.0979167 0.108333
0 0.595833 0.176389 0.0729167 0.0712963
0 0.604948 0.2625 0.0734375 0.0787037
0 0.090625 0.323148 0.090625 0.0796296
0 0.91276 0.755093 0.0765625 0.0805556
0 0.91276 0.839815 0.0744792 0.0833333
0 0.38099 0.325926 0.0828125 0.0851852
0 0.391406 0.844444 0.0921875 0.0907407
0 0.902083 0.324074 0.10625 0.101852
0 0.613021 0.841204 0.0864583 0.0935185
0 0.690885 0.251389 0.0807292 0.0824074
0 0.0833333 0.918056 0.103125 0.10463
0 0.090625 0.244444 0.096875 0.0907407
0 0.30625 0.840278 0.0885417 0.087963
0 0.382292 0.409259 0.1 0.0962963
0 0.30599 0.247222 0.0807292 0.0888889
0 0.693229 0.323611 0.103125 0.0990741
0 0.905208 0.913426 0.078125 0.0898148
0 0.690365 0.413889 0.0828125 0.087037
0 0.299219 0.162037 0.0880208 0.0888889
0 0.705208 0.843056 0.0822917 0.087963
0 0.299479 0.754167 0.096875 0.106481
