0 0.565104 0.760185 0.03125 0.0203704
0 0.565625 0.668056 0.0375 0.025
0 0.908073 0.665741 0.0505208 0.0462963
0 0.336458 0.378704 0.0427083 0.0425926
0 0.851562 0.475 0.05 0.0407407
0 0.3375 0.420833 0.046875 0.0398148
0 0.985156 0.168981 0.0296875 0.100926
0 0.165625 0.322685 0.0458333 0.0324074
0 0.553906 0.419907 0.0421875 0.0324074
0 0.567708 0.760185 0.0458333 0.037037
0 0.34375 0.661574 0.0416667 0.0490741
0 0.559375 0.465278 0.046875 0.0324074
0 0.209115 0.463889 0.0526042 0.037037
0 0.903125 0.712963 0.04375 0.0351852
0 0.0463542 0.321759 0.0458333 0.0546296
0 0.502344 0.372222 0.0432292 0.037037
0 0.0515625 0.462037 0.0489583 0.0407407
0 0.161719 0.468056 0.0484375 0.0509259
0 0.21849 0.705556 0.0432292 0.0462963
0 0.553906 0.371296 0.0453125 0.037037
0 0.508073 0.466667 0.0453125 0.0296296
0 0.213281 0.374074 0.0494792 0.0351852
0 0.511458 0.660185 0.04375 0.0333333
0 0.336719 0.327778 0.0484375 0.037037
0 0.851823 0.669444 0.0484375 0.0388889
0 0.510417 0.70463 0.0416667 0.0444444
0 0.210677 0.420833 0.0463542 0.0398148
0 0.388021 0.467593 0.05625 0.037037
0 0.66276 0.756944 0.0473958 0.0324074
0 0.901823 0.756944 0.0453125 0.0398148
0 0.336719 0.464815 0.0536458 0.0351852
0 0.903385 0.426389 0.0463542 0.0342593
0 0.509635 0.748611 0.0411458 0.037963
0 0.0460938 0.373611 0.0526042 0.0416667
0 0.735156 0.7125 0.0442708 0.0361111
0 0.342708 0.7125 0.0479167 0.0361111
0 0.851562 0.713426 0.040625 0.0361111
0 0.851042 0.334722 0.0572917 0.0509259
0 0.385677 0.330093 0.0463542 0.0416667
0 0.39349 0.706019 0.0463542 0.0435185
0 0.16276 0.659259 0.0505208 0.0444444
0 0.0458333 0.418519 0.05 0.0444444
0 0.852344 0.431019 0.0536458 0.0435185
0 0.113021 0.642593 0.05 0.0944444
0 0.678385 0.469444 0.0505208 0.0407407
0 0.386719 0.42037 0.0473958 0.0444444
0 0.688281 0.335185 0.0546875 0.0351852
0 0.211198 0.321296 0.0453125 0.0518519
0 0.677083 0.7125 0.0458333 0.037963
0 0.388542 0.374074 0.0635417 0.05
0 0.166146 0.748148 0.04375 0.0333333
0 0.0463542 0.751389 0.0604167 0.0435185
0 0.568229 0.67037 0.053125 0.0518519
0 0.905729 0.381481 0.0645833 0.05
0 0.38724 0.756481 0.0526042 0.0444444
0 0.235677 0.666667 0.0671875 0.0518519
0 0.732031 0.377778 0.0390625 0.0314815
0 0.514583 0.332407 0.040625 0.0314815
0 0.167448 0.369444 0.0557292 0.0407407
0 0.728125 0.759722 0.0489583 0.0472222
0 0.166146 0.704167 0.0479167 0.037963
0 0.734115 0.333333 0.0536458 0.0388889
0 0.217708 0.75463 0.0510417 0.0388889
0 0.509115 0.423611 0.0546875 0.0361111
0 0.684375 0.378704 0.05625 0.0407407
0 0.850781 0.37963 0.0609375 0.0462963
0 0.559896 0.325926 0.059375 0.0444444
0 0.678906 0.425463 0.0567708 0.0416667
