0 0.389583 0.756481 0.0375 0.0222222
0 0.665625 0.758333 0.0375 0.0259259
0 0.98151 0.171296 0.0213542 0.062963
0 0.0458333 0.322685 0.0458333 0.0583333
0 0.0513021 0.323148 0.0630208 0.0314815
0 0.905729 0.665278 0.0375 0.0342593
0 0.110156 0.664352 0.0348958 0.0768519
0 0.502604 0.372685 0.0427083 0.037963
0 0.336719 0.378241 0.0411458 0.0435185
0 0.166927 0.323611 0.0463542 0.0324074
0 0.210156 0.466204 0.0453125 0.037963
0 0.16224 0.468056 0.0453125 0.0453704
0 0.56849 0.762037 0.0453125 0.037037
0 0.903385 0.713426 0.0432292 0.0342593
0 0.211719 0.321296 0.0463542 0.0518519
0 0.34375 0.661111 0.0447917 0.05
0 0.0518229 0.462037 0.0473958 0.037037
0 0.0466146 0.372685 0.0536458 0.0435185
0 0.211198 0.420833 0.0453125 0.0398148
0 0.677865 0.468519 0.0421875 0.0518519
0 0.735677 0.712963 0.0432292 0.0333333
0 0.0471354 0.418519 0.0515625 0.0388889
0 0.985156 0.169444 0.0296875 0.1
0 0.16849 0.704167 0.0473958 0.037963
0 0.510417 0.704167 0.0416667 0.0453704
0 0.38776 0.756481 0.0526042 0.0444444
0 0.21875 0.712963 0.0479167 0.0444444
0 0.3875 0.375926 0.0489583 0.0407407
0 0.85026 0.473611 0.0515625 0.0268519
0 0.902083 0.757407 0.046875 0.0407407
0 0.336979 0.328704 0.0489583 0.0388889
0 0.236198 0.66713 0.0661458 0.0564815
0 0.170312 0.748611 0.0479167 0.0305556
0 0.33724 0.464352 0.0505208 0.0324074
0 0.852604 0.431481 0.0520833 0.0425926
0 0.852083 0.669907 0.0510417 0.037963
0 0.217187 0.369907 0.05625 0.0342593
0 0.513281 0.333333 0.0442708 0.0351852
0 0.342708 0.712037 0.0479167 0.0351852
0 0.677344 0.7125 0.0442708 0.0398148
0 0.904167 0.426852 0.0447917 0.0351852
0 0.385938 0.32963 0.0458333 0.0407407
0 0.167969 0.658333 0.0494792 0.0407407
0 0.167448 0.369907 0.0588542 0.0435185
0 0.341146 0.422222 0.0458333 0.0388889
0 0.667448 0.756481 0.0546875 0.0425926
0 0.511458 0.660185 0.0447917 0.0314815
0 0.553646 0.371296 0.0427083 0.0351852
0 0.851562 0.334722 0.059375 0.0509259
0 0.386719 0.46713 0.0505208 0.0361111
0 0.509635 0.748148 0.0421875 0.0388889
0 0.38724 0.42037 0.0473958 0.0425926
0 0.851823 0.713426 0.0432292 0.0361111
0 0.691146 0.331944 0.0354167 0.0361111
0 0.561979 0.468519 0.046875 0.0333333
0 0.394271 0.706481 0.0489583 0.0462963
0 0.568229 0.669907 0.0489583 0.0416667
0 0.217708 0.755093 0.0510417 0.0398148
0 0.734115 0.33287 0.0526042 0.037963
0 0.732292 0.378241 0.04375 0.0361111
0 0.0466146 0.750926 0.0598958 0.0481481
0 0.729167 0.760185 0.0479167 0.0481481
0 0.558594 0.422222 0.0494792 0.0314815
0 0.905469 0.381481 0.0651042 0.05
0 0.851042 0.378704 0.059375 0.0481481
0 0.684115 0.378704 0.0567708 0.0388889
0 0.678906 0.424537 0.0578125 0.0453704
0 0.511719 0.469907 0.0526042 0.0342593
0 0.508594 0.423148 0.0526042 0.0388889
0 0.559896 0.325926 0.059375 0.0425926
