0 0.895312 0.941204 0.0458333 0.0824074
0 0.469271 0.950926 0.0270833 0.0888889
0 0.567448 0.752315 0.0296875 0.0546296
0 0.683854 0.346759 0.028125 0.0916667
0 0.251823 0.944907 0.0276042 0.087963
0 0.625781 0.947222 0.0255208 0.062963
0 0.68724 0.948611 0.115104 0.102778
0 0.411979 0.952315 0.034375 0.0861111
0 0.518229 0.753241 0.0322917 0.0675926
0 0.544792 0.743981 0.0375 0.102778
0 0.734375 0.355093 0.0260417 0.0824074
0 0.760938 0.446296 0.0364583 0.0722222
0 0.495573 0.950926 0.0213542 0.087037
0 0.597135 0.746296 0.0317708 0.0888889
0 0.574479 0.447222 0.0333333 0.0907407
0 0.413542 0.756019 0.021875 0.0805556
0 0.360156 0.944907 0.0276042 0.110185
0 0.628646 0.355093 0.03125 0.087963
0 0.710677 0.752778 0.0182292 0.0851852
0 0.763802 0.674074 0.0182292 0.0814815
0 0.570833 0.95 0.040625 0.1
0 0.492969 0.758333 0.0317708 0.118519
0 0.517448 0.947685 0.0296875 0.075
0 0.46849 0.761111 0.0338542 0.116667
0 0.703385 0.446759 0.0369792 0.100926
0 0.679948 0.674074 0.0223958 0.0888889
0 0.761198 0.456019 0.0171875 0.087963
0 0.735156 0.661574 0.0286458 0.108333
0 0.655469 0.751389 0.0171875 0.0712963
0 0.571875 0.956944 0.0177083 0.0861111
0 0.436719 0.95 0.0390625 0.1
0 0.3875 0.755093 0.0239583 0.100926
