0 0.608854 0.855093 0.046875 0.139815
0 0.802865 0.856019 0.0411458 0.14537
0 0.569531 0.859259 0.0453125 0.15
0 0.233854 0.873148 0.0458333 0.153704
0 0.843229 0.693519 0.0489583 0.155556
0 0.517448 0.856019 0.0453125 0.158333
0 0.426562 0.872222 0.05 0.135185
0 0.284635 0.869444 0.0380208 0.183333
0 0.84349 0.164815 0.0515625 0.125926
0 0.476302 0.874537 0.0463542 0.14537
0 0.709896 0.861111 0.046875 0.144444
0 0.659896 0.164352 0.0458333 0.137963
0 0.750781 0.709259 0.0494792 0.155556
0 0.56849 0.325463 0.0484375 0.169444
0 0.384896 0.8875 0.0479167 0.160185
0 0.891927 0.337037 0.0526042 0.146296
0 0.750781 0.158796 0.0328125 0.165741
0 0.892187 0.70787 0.046875 0.160185
0 0.792708 0.308333 0.046875 0.157407
