0 0.985156 0.50787 0.0296875 0.117593
0 0.989323 0.511574 0.0140625 0.087963
0 0.22474 0.42037 0.127604 0.103704
0 0.757812 0.624074 0.120833 0.0962963
0 0.342448 0.738889 0.117188 0.087037
0 0.225781 0.741667 0.111979 0.0907407
0 0.634896 0.733333 0.1125 0.125926
0 0.761719 0.403704 0.109896 0.103704
0 0.342187 0.401852 0.116667 0.124074
0 0.21276 0.631019 0.123438 0.110185
0 0.64401 0.517593 0.118229 0.122222
0 0.759896 0.515741 0.108333 0.105556
0 0.326302 0.512037 0.117188 0.109259
0 0.339844 0.62963 0.121354 0.107407
0 0.652604 0.394907 0.116667 0.123148
0 0.626302 0.626852 0.116146 0.105556
