0 0.34401 0.868981 0.0609375 0.247222
0 0.66875 0.858333 0.0583333 0.151852
0 0.0289063 0.873148 0.0578125 0.222222
0 0.0927083 0.860648 0.0635417 0.184259
0 0.803646 0.841667 0.0739583 0.238889
0 0.785677 0.115278 0.0713542 0.230556
0 0.859635 0.635648 0.0692708 0.260185
0 0.410937 0.85463 0.0697917 0.266667
0 0.727604 0.647222 0.075 0.264815
0 0.469271 0.854167 0.065625 0.273148
0 0.218229 0.87963 0.0541667 0.240741
0 0.535677 0.838426 0.0567708 0.263889
0 0.668229 0.854167 0.075 0.287963
0 0.91849 0.648611 0.0723958 0.234259
