0 0.390365 0.7875 0.0442708 0.0231481
0 0.98099 0.343519 0.0276042 0.0240741
0 0.98125 0.506944 0.0270833 0.0175926
0 0.980729 0.730556 0.034375 0.0203704
0 0.980208 0.731481 0.0395833 0.0481481
0 0.983073 0.449537 0.0338542 0.0435185
0 0.978906 0.390278 0.0421875 0.0453704
0 0.179427 0.497685 0.0546875 0.0509259
0 0.983854 0.786111 0.0322917 0.0333333
0 0.979167 0.506481 0.040625 0.0388889
0 0.979167 0.343519 0.0385417 0.0388889
0 0.236979 0.495833 0.0645833 0.0472222
0 0.852865 0.847222 0.0598958 0.062963
0 0.592708 0.339815 0.0625 0.0425926
0 0.384896 0.336111 0.0552083 0.0407407
0 0.270312 0.727778 0.0708333 0.0481481
0 0.0460938 0.493519 0.0546875 0.0388889
0 0.852604 0.344444 0.053125 0.0462963
0 0.853385 0.394444 0.0536458 0.0388889
0 0.586719 0.388426 0.0598958 0.0342593
0 0.236198 0.448148 0.0515625 0.0481481
0 0.0440104 0.44537 0.0640625 0.0555556
0 0.38724 0.394444 0.0484375 0.0481481
0 0.444271 0.506019 0.0541667 0.0453704
0 0.186198 0.836111 0.0484375 0.0518519
0 0.394271 0.448611 0.0583333 0.0564815
0 0.79375 0.505556 0.0625 0.062963
0 0.445312 0.448148 0.0552083 0.0518519
0 0.446354 0.840278 0.0635417 0.0509259
0 0.18724 0.77963 0.0546875 0.037037
0 0.654948 0.732407 0.0598958 0.0462963
0 0.794792 0.394444 0.0552083 0.0518519
0 0.0450521 0.388426 0.0703125 0.0527778
0 0.44375 0.334722 0.05 0.0472222
0 0.786458 0.787963 0.0520833 0.0444444
0 0.771354 0.839815 0.04375 0.0592593
0 0.24375 0.844444 0.0489583 0.0555556
0 0.58724 0.45 0.0557292 0.0537037
0 0.59349 0.730556 0.0494792 0.0425926
0 0.59349 0.786574 0.0526042 0.0435185
0 0.185937 0.331019 0.0625 0.0472222
0 0.185937 0.390741 0.059375 0.0444444
0 0.386458 0.496759 0.059375 0.0490741
0 0.245312 0.788889 0.0510417 0.05
0 0.394531 0.731019 0.0578125 0.0583333
0 0.647917 0.335185 0.0645833 0.0574074
0 0.452865 0.788889 0.0515625 0.0462963
0 0.653646 0.846759 0.0489583 0.0435185
0 0.0458333 0.331019 0.06875 0.0583333
0 0.446094 0.391204 0.0609375 0.0453704
0 0.802344 0.34213 0.0567708 0.0472222
0 0.244531 0.32963 0.0630208 0.05
0 0.652083 0.497222 0.0604167 0.0462963
0 0.243229 0.385648 0.0614583 0.0472222
0 0.39375 0.787963 0.0541667 0.05
0 0.58776 0.835648 0.0526042 0.0453704
0 0.0445312 0.836574 0.0619792 0.0601852
0 0.593229 0.498148 0.0635417 0.0481481
0 0.643229 0.386574 0.0614583 0.0490741
0 0.646875 0.445833 0.0635417 0.0416667
0 0.859896 0.788426 0.0510417 0.0453704
0 0.788281 0.45 0.0619792 0.05
0 0.185677 0.730093 0.0588542 0.0601852
