0 0.524219 0.481019 0.0421875 0.037963
0 0.755208 0.349074 0.0614583 0.0407407
0 0.0473958 0.416667 0.075 0.0574074
0 0.280469 0.35787 0.0651042 0.0638889
0 0.21276 0.349537 0.0619792 0.0546296
0 0.211979 0.480556 0.0635417 0.0685185
0 0.449219 0.480093 0.0682292 0.0490741
0 0.0458333 0.880093 0.0677083 0.0712963
0 0.911458 0.887963 0.0583333 0.0759259
0 0.932552 0.481481 0.0630208 0.0518519
0 0.0536458 0.480093 0.0697917 0.0490741
0 0.524219 0.351852 0.0723958 0.0592593
0 0.454948 0.360648 0.0682292 0.0546296
0 0.276563 0.483796 0.0677083 0.0583333
0 0.946094 0.286111 0.0682292 0.0518519
0 0.522917 0.416667 0.0729167 0.0685185
0 0.445833 0.290741 0.059375 0.0518519
0 0.286719 0.828704 0.0598958 0.0685185
0 0.702344 0.756481 0.0598958 0.0759259
0 0.0473958 0.285185 0.0760417 0.0666667
0 0.521094 0.48287 0.0630208 0.0583333
0 0.530469 0.819907 0.0692708 0.0490741
0 0.696354 0.415741 0.0739583 0.0666667
0 0.7625 0.286574 0.06875 0.0638889
0 0.695052 0.47963 0.0661458 0.0685185
0 0.278385 0.419907 0.0671875 0.0564815
0 0.455208 0.422222 0.0625 0.0666667
0 0.929948 0.41713 0.0703125 0.062037
0 0.460677 0.760185 0.0598958 0.0685185
0 0.461719 0.820833 0.0609375 0.0509259
0 0.696875 0.818519 0.0666667 0.0537037
0 0.694271 0.292593 0.071875 0.0666667
0 0.0466146 0.35463 0.0776042 0.0648148
0 0.220573 0.82037 0.0630208 0.062963
0 0.213021 0.75787 0.0666667 0.0694444
0 0.520052 0.288889 0.0661458 0.0611111
0 0.220313 0.881019 0.0604167 0.0638889
0 0.771875 0.756944 0.071875 0.0675926
0 0.279427 0.285648 0.0682292 0.0638889
0 0.770052 0.481019 0.0671875 0.062037
0 0.93724 0.355556 0.0640625 0.0685185
0 0.21276 0.284722 0.0744792 0.0583333
0 0.285937 0.891204 0.059375 0.0657407
0 0.377344 0.667593 0.0578125 0.0611111
0 0.469792 0.593518 0.06875 0.062963
0 0.527865 0.887037 0.0713542 0.0777778
0 0.770052 0.890278 0.0609375 0.0601852
0 0.928906 0.81713 0.0671875 0.0601852
0 0.315885 0.754167 0.0828125 0.0694444
0 0.761719 0.418056 0.0661458 0.0638889
0 0.695052 0.875926 0.0661458 0.0574074
