0 0.609375 0.843518 0.0239583 0.0962963
0 0.96276 0.405093 0.0171875 0.0953704
0 0.417448 0.844444 0.0213542 0.107407
0 0.811198 0.836574 0.0401042 0.130556
0 0.535156 0.856944 0.0234375 0.121296
0 0.535417 0.856944 0.0489583 0.136111
0 0.91849 0.709722 0.0484375 0.136111
0 0.690365 0.399537 0.0234375 0.106481
0 0.619271 0.847685 0.04375 0.137963
0 0.685938 0.827315 0.0395833 0.113889
0 0.916927 0.258333 0.0359375 0.133333
0 0.91901 0.27037 0.0442708 0.0666667
0 0.46224 0.843518 0.0276042 0.137037
0 0.76849 0.268519 0.0421875 0.0907407
0 0.652604 0.827778 0.040625 0.131481
0 0.41849 0.843518 0.0432292 0.15
0 0.84375 0.26713 0.0489583 0.102778
0 0.727604 0.828704 0.0416667 0.111111
0 0.960417 0.400463 0.0416667 0.113889
0 0.960417 0.713426 0.0416667 0.126852
0 0.885156 0.827778 0.0442708 0.140741
0 0.577083 0.846296 0.0447917 0.133333
0 0.877083 0.38287 0.04375 0.139815
0 0.84349 0.714352 0.0421875 0.113889
0 0.69349 0.401852 0.0432292 0.135185
