0 0.803646 0.856019 0.0760417 0.280556
0 0.34375 0.87037 0.0635417 0.233333
0 0.470833 0.131481 0.08125 0.262963
0 0.220573 0.889352 0.0588542 0.202778
0 0.926042 0.131944 0.0625 0.258333
0 0.0242187 0.884722 0.0484375 0.221296
0 0.789844 0.115278 0.0598958 0.212037
0 0.860937 0.635648 0.075 0.25463
0 0.925 0.651389 0.0645833 0.200926
0 0.410677 0.855556 0.0692708 0.261111
0 0.535417 0.838426 0.0614583 0.250926
0 0.727083 0.646759 0.0729167 0.263889
0 0.66849 0.85463 0.0723958 0.277778
0 0.46875 0.854167 0.0625 0.267593
