0 0.218864 0.894819 0.05022 0.184988
0 0.924307 0.649969 0.0609055 0.196487
0 0.671831 0.861687 0.0513031 0.183247
0 0.538475 0.847478 0.043218 0.179647
0 0.732222 0.645718 0.052375 0.186955
0 0.348524 0.882837 0.0503801 0.188751
0 0.475509 0.126328 0.0499143 0.189405
0 0.791472 0.109284 0.0551416 0.187757
0 0.413332 0.860796 0.0471739 0.183933
0 0.803466 0.85038 0.0583628 0.190883
0 0.473958 0.861507 0.046182 0.181174
0 0.926148 0.131216 0.0574982 0.19921
0 0.860905 0.644654 0.05867 0.190316
0 0.0920818 0.869437 0.0680661 0.199698
0 0.281034 0.888528 0.0523543 0.199642
0 0.0263908 0.884299 0.0527816 0.193693
