0 0.907353 0.710574 0.0445722 0.038538
0 0.850838 0.47164 0.0432406 0.0362734
0 0.740101 0.71084 0.0420537 0.0384429
0 0.220054 0.754441 0.0413679 0.0410542
0 0.682566 0.469771 0.0447815 0.036479
0 0.51023 0.749911 0.0413761 0.0373917
0 0.39069 0.754687 0.0467809 0.0386111
0 0.514892 0.707022 0.0412736 0.0354822
0 0.905785 0.754925 0.045654 0.0390073
0 0.6673 0.757124 0.0422022 0.0361495
0 0.343979 0.708826 0.0414368 0.0363489
0 0.902059 0.426004 0.0442423 0.0364388
0 0.342347 0.663371 0.042822 0.038646
0 0.567118 0.757593 0.0420723 0.0381784
0 0.515511 0.660617 0.0398837 0.0355985
0 0.851603 0.712033 0.0412463 0.0383249
0 0.567939 0.665646 0.0445446 0.0418841
0 0.678998 0.709184 0.0455251 0.0372399
0 0.559025 0.418237 0.0426837 0.0374459
0 0.396557 0.70948 0.043886 0.0405136
0 0.905166 0.381627 0.0523549 0.0377822
0 0.390331 0.37312 0.0460175 0.0363043
0 0.39042 0.417465 0.0466887 0.0363302
0 0.219518 0.7095 0.0455702 0.0385846
0 0.851917 0.666139 0.0471761 0.037257
0 0.680373 0.420418 0.0451658 0.0402332
0 0.689622 0.329632 0.0425293 0.0380848
0 0.508791 0.373458 0.0415885 0.0356632
0 0.731565 0.756256 0.0483822 0.0375441
0 0.852143 0.377646 0.051164 0.0412948
0 0.684653 0.374507 0.044243 0.0380857
0 0.562062 0.463049 0.0418896 0.0353849
0 0.169611 0.744851 0.0414966 0.0371306
0 0.512708 0.462558 0.0424339 0.0351067
0 0.170823 0.701426 0.0443218 0.0382383
0 0.509697 0.418071 0.0442003 0.0374645
0 0.55444 0.370762 0.0400326 0.0369623
0 0.854404 0.427978 0.0498642 0.039864
0 0.559774 0.327195 0.0445914 0.0388748
0 0.342254 0.376889 0.043213 0.0358839
0 0.512939 0.329664 0.0437453 0.0361559
0 0.342602 0.419511 0.0432298 0.0396601
0 0.903708 0.664755 0.03411 0.0375965
0 0.388455 0.463996 0.0438385 0.0375406
0 0.217542 0.370265 0.0450484 0.0386927
0 0.853157 0.332603 0.0513962 0.0380083
0 0.168072 0.65619 0.0457577 0.0379661
0 0.734556 0.374834 0.0419083 0.0364578
0 0.734727 0.331099 0.0434967 0.0349381
0 0.0484217 0.746667 0.0471746 0.0422429
0 0.213854 0.416245 0.0440413 0.0369355
0 0.982669 0.166594 0.0265516 0.0788198
0 0.386936 0.326858 0.0419647 0.0363221
0 0.238539 0.661097 0.0592799 0.044416
0 0.212276 0.461842 0.0471702 0.0379883
0 0.336397 0.328513 0.0396245 0.0372495
0 0.337913 0.461258 0.0465942 0.0349915
0 0.0511058 0.458438 0.0457967 0.0371273
0 0.168649 0.369653 0.0447068 0.040452
0 0.216278 0.319974 0.0478226 0.0416195
0 0.164374 0.462849 0.0443448 0.0370036
0 0.109105 0.661573 0.0388876 0.080544
