0 0.990058 0.771996 0.0198835 0.0565724
0 0.616675 0.673153 0.0245616 0.0914289
0 0.584527 0.903069 0.0253741 0.101031
0 0.491057 0.907142 0.0243427 0.0942696
0 0.524164 0.688462 0.0229794 0.0921362
0 0.586429 0.683046 0.025079 0.097621
0 0.820286 0.886463 0.0427475 0.076479
0 0.557081 0.906854 0.0235924 0.0899841
0 0.275115 0.902492 0.0264705 0.0908192
0 0.523492 0.90879 0.0240687 0.0916662
0 0.55437 0.684097 0.0244565 0.102742
0 0.428287 0.681615 0.0267054 0.0988502
0 0.398878 0.904398 0.0254894 0.0927853
0 0.462979 0.676185 0.0228931 0.0957296
0 0.462944 0.919108 0.0220328 0.0960567
0 0.711187 0.211189 0.0256051 0.0879307
0 0.772925 0.208476 0.0278384 0.0980413
0 0.865173 0.577346 0.0284527 0.100074
0 0.865958 0.328511 0.0270727 0.0939936
0 0.71148 0.900456 0.0291529 0.104437
0 0.679527 0.900236 0.0263865 0.120314
0 0.801226 0.313867 0.0277377 0.0939832
0 0.678533 0.670753 0.023732 0.0866218
0 0.806073 0.67033 0.0285484 0.0940392
0 0.742042 0.676462 0.0264105 0.0899455
0 0.832837 0.210995 0.027774 0.0856847
0 0.834507 0.570323 0.0271469 0.093644
0 0.646241 0.673828 0.023042 0.0887354
0 0.647087 0.910317 0.0262667 0.0905217
0 0.772242 0.573789 0.0278689 0.0920114
0 0.98822 0.913228 0.0235598 0.0572405
0 0.649683 0.318652 0.0245265 0.0962075
0 0.983089 0.387504 0.0335971 0.19244
