0 0.878663 0.845663 0.0476433 0.0801234
0 0.859146 0.876854 0.0509054 0.0858964
0 0.934433 0.874992 0.0462316 0.0786149
0 0.877415 0.962882 0.0514982 0.0742358
0 0.722935 0.935021 0.0434489 0.0783448
0 0.979815 0.638095 0.0403707 0.0904299
0 0.964406 0.663819 0.0529617 0.0930592
0 0.914933 0.905249 0.0509583 0.0856011
0 0.762268 0.455546 0.0219939 0.0913373
0 0.654525 0.754599 0.0216535 0.0859808
0 0.681588 0.351812 0.0234098 0.0882679
0 0.467011 0.765003 0.022475 0.0904645
0 0.896806 0.941905 0.049866 0.0902735
0 0.628166 0.354029 0.0220996 0.0848495
0 0.571652 0.752824 0.0212007 0.0859611
0 0.599243 0.747465 0.0199941 0.0803358
0 0.710112 0.750515 0.0238764 0.0889305
0 0.734206 0.664361 0.0219892 0.0878764
0 0.518741 0.947956 0.0240554 0.0928938
0 0.760213 0.669815 0.024557 0.0864249
0 0.706471 0.441713 0.0239976 0.0861798
0 0.253066 0.947062 0.0220087 0.0853579
0 0.467228 0.953874 0.023274 0.0853839
0 0.573042 0.955867 0.0238265 0.0875719
0 0.98982 0.600128 0.0203602 0.0682904
0 0.680564 0.665354 0.0228447 0.0831228
0 0.575209 0.445378 0.0232941 0.0901124
0 0.414541 0.751476 0.0230424 0.0886823
0 0.600742 0.946414 0.023408 0.0990312
0 0.384907 0.757721 0.0228043 0.0906883
0 0.359147 0.947362 0.0225939 0.0830141
0 0.492655 0.760741 0.0240958 0.100822
0 0.732827 0.352331 0.0244377 0.0813882
0 0.628013 0.947293 0.0228511 0.0888371
0 0.414442 0.959469 0.0201536 0.0810617
0 0.520675 0.759589 0.0240776 0.091245
0 0.547011 0.752309 0.0219721 0.0887791
0 0.43879 0.952374 0.0218725 0.0882595
0 0.494926 0.949389 0.0200666 0.0787001
0 0.990917 0.728424 0.0181656 0.0719571
