0 0.425691 0.762711 0.100589 0.0724173
0 0.377385 0.410427 0.0794674 0.0717183
0 0.608386 0.762339 0.0738061 0.0694866
0 0.0796483 0.925555 0.0838873 0.0761775
0 0.968946 0.246799 0.0621085 0.0643404
0 0.90854 0.406811 0.0794248 0.062723
0 0.970812 0.17035 0.0583766 0.0700959
0 0.387361 0.246756 0.0756458 0.0682001
0 0.702328 0.764295 0.0787412 0.0701427
0 0.600761 0.40586 0.077943 0.0624917
0 0.295776 0.757325 0.0811403 0.0685629
0 0.391797 0.848058 0.0779842 0.0678806
0 0.0928657 0.405568 0.0772174 0.067613
0 0.972388 0.330962 0.055224 0.0667604
0 0.297518 0.16507 0.0766024 0.071909
0 0.595026 0.174613 0.0707119 0.0695512
0 0.0874211 0.323112 0.0819556 0.0689686
0 0.390405 0.930423 0.0701284 0.0727354
0 0.906316 0.914138 0.0763206 0.0711975
0 0.606735 0.33434 0.074151 0.0691075
0 0.691215 0.328613 0.0825844 0.0671364
0 0.898745 0.330283 0.0840436 0.0666806
0 0.302387 0.839462 0.0771707 0.0667296
0 0.300884 0.917848 0.0735858 0.0687805
0 0.683533 0.170646 0.0762619 0.0657921
0 0.91251 0.754693 0.0722308 0.0678628
0 0.704181 0.845904 0.0760401 0.0707223
0 0.090016 0.247218 0.0867343 0.071822
0 0.604891 0.262314 0.0729965 0.0697827
0 0.688007 0.416476 0.0738485 0.0683026
0 0.696721 0.927887 0.0798017 0.0680835
0 0.690803 0.251996 0.0782463 0.0714255
0 0.612043 0.845569 0.0719465 0.0683126
0 0.384569 0.159722 0.0838403 0.0696475
0 0.976515 0.409953 0.0469696 0.0655284
0 0.915187 0.839374 0.0731299 0.0681037
0 0.303465 0.24859 0.0776078 0.0699804
0 0.0919738 0.160793 0.0855947 0.0711809
0 0.379305 0.327683 0.0740939 0.0662694
0 0.982859 0.7601 0.0342823 0.0743725
0 0.897224 0.179508 0.0703288 0.0721672
0 0.294693 0.412315 0.0726777 0.0659563
0 0.984183 0.926174 0.0316331 0.0709674
0 0.0258675 0.145516 0.0443041 0.032244
