0 0.99016 0.569708 0.0183459 0.0796465
0 0.339149 0.80323 0.103605 0.0884716
0 0.329973 0.695057 0.101632 0.0871632
0 0.32168 0.576795 0.096227 0.0840548
0 0.633544 0.806548 0.100378 0.0959626
0 0.992672 0.466444 0.0146569 0.0949842
0 0.993322 0.700011 0.0133558 0.125472
0 0.626988 0.693721 0.103365 0.0900321
0 0.755255 0.688206 0.103526 0.0907806
0 0.332357 0.468984 0.112808 0.0918255
0 0.651165 0.469526 0.0995516 0.0897256
0 0.641614 0.581819 0.0964938 0.0888801
0 0.757487 0.473854 0.0998741 0.0848043
0 0.759977 0.580987 0.103517 0.0828213
0 0.994132 0.798678 0.0115275 0.0686564
0 0.221195 0.803336 0.103939 0.0894495
0 0.208858 0.697908 0.123204 0.0933152
0 0.216844 0.480858 0.116095 0.0834754
0 0.0390216 0.90773 0.0780433 0.18454
