0 0.588293 0.441381 0.0535875 0.0473392
0 0.241811 0.326905 0.0570546 0.0468032
0 0.446549 0.440538 0.0539968 0.0466036
0 0.658047 0.732118 0.056358 0.0499351
0 0.0454493 0.327655 0.0595444 0.0461914
0 0.775685 0.839864 0.0534233 0.0489696
0 0.184291 0.725643 0.056825 0.0483776
0 0.793488 0.500385 0.0535647 0.0469907
0 0.853974 0.33742 0.0510279 0.0464089
0 0.648978 0.333424 0.0556473 0.0482796
0 0.0444052 0.384096 0.0608871 0.0496477
0 0.850793 0.839517 0.058488 0.0499781
0 0.647153 0.441933 0.0509122 0.0471203
0 0.80266 0.336373 0.0528186 0.0458862
0 0.594892 0.780446 0.0494708 0.0460598
0 0.237559 0.439456 0.0524817 0.0457232
0 0.18651 0.385084 0.0532947 0.0470872
0 0.449627 0.839213 0.0557407 0.0494959
0 0.389959 0.394524 0.0499999 0.0460166
0 0.454645 0.784967 0.0519988 0.0501834
0 0.860593 0.785835 0.0511497 0.0484803
0 0.246174 0.78559 0.0540712 0.0487995
0 0.982224 0.340001 0.0355515 0.0474642
0 0.790309 0.445156 0.0558281 0.0492681
0 0.394473 0.784295 0.0498039 0.049231
0 0.643192 0.384903 0.0501099 0.0459763
0 0.982656 0.502629 0.0346881 0.0463431
0 0.243055 0.385568 0.0546523 0.0483617
0 0.0435463 0.437062 0.057448 0.047703
0 0.267895 0.728721 0.0695566 0.0499065
0 0.593245 0.336999 0.0524944 0.0467742
0 0.383908 0.335795 0.0491229 0.0474974
0 0.446031 0.497989 0.0509136 0.0452273
0 0.187593 0.830433 0.050505 0.0455304
0 0.789786 0.784046 0.0543579 0.0499001
0 0.236052 0.494464 0.0555623 0.0486299
0 0.183664 0.328647 0.0544369 0.0452431
0 0.0437407 0.832529 0.0572867 0.0491704
0 0.854468 0.390093 0.0505114 0.0450204
0 0.595566 0.728017 0.0482494 0.0449267
0 0.593511 0.494197 0.0524764 0.0462988
0 0.656696 0.841762 0.0503821 0.0498268
0 0.246623 0.838599 0.0492859 0.0478507
0 0.444141 0.334175 0.0513948 0.0482658
0 0.384335 0.492962 0.0555127 0.0443285
0 0.180854 0.49646 0.0519768 0.0449535
0 0.188197 0.778815 0.0518127 0.0466216
0 0.652362 0.495522 0.0517693 0.0470423
0 0.795047 0.390655 0.0534653 0.0485563
0 0.392658 0.729585 0.0516157 0.0456532
0 0.391109 0.444796 0.0503171 0.0487953
0 0.0460407 0.491488 0.053508 0.0487283
0 0.982275 0.731504 0.0349976 0.0482885
0 0.446876 0.388481 0.0528639 0.0502834
0 0.980769 0.392102 0.0383587 0.0496303
0 0.590511 0.831706 0.0497777 0.0464794
0 0.587268 0.388523 0.0496201 0.0442462
0 0.983785 0.786818 0.0324306 0.0487571
0 0.983095 0.448245 0.033316 0.0505693
