0 0.273148 0.482366 0.0655053 0.0557574
0 0.278593 0.280702 0.0665843 0.0523981
0 0.209285 0.284102 0.0628119 0.0501762
0 0.912619 0.885936 0.0661072 0.0586384
0 0.76551 0.479076 0.0621184 0.0527087
0 0.286081 0.888203 0.0564572 0.0558806
0 0.460037 0.823344 0.0580288 0.0571422
0 0.517937 0.28922 0.059343 0.0544417
0 0.692123 0.878075 0.0593664 0.0549199
0 0.537962 0.639829 0.0618169 0.0719066
0 0.520872 0.483898 0.0598939 0.0528605
0 0.215932 0.87944 0.0583958 0.0521467
0 0.212841 0.754862 0.0656198 0.0532835
0 0.698547 0.754096 0.0560454 0.053248
0 0.216969 0.818887 0.0614588 0.0534876
0 0.0486621 0.479299 0.0637392 0.0541841
0 0.759796 0.415659 0.0613991 0.0517379
0 0.762107 0.286755 0.0666925 0.0550577
0 0.690893 0.415112 0.0646681 0.0523387
0 0.280366 0.352239 0.0633009 0.0535573
0 0.77205 0.888768 0.0603541 0.0563789
0 0.754436 0.347518 0.0598284 0.0514081
0 0.04505 0.414322 0.0682429 0.0543952
0 0.773587 0.762027 0.0668391 0.0605401
0 0.930331 0.418485 0.0673525 0.0559481
0 0.456703 0.759504 0.0584309 0.0559848
0 0.52267 0.415835 0.06593 0.0533214
0 0.525452 0.88649 0.0641065 0.0566081
0 0.207618 0.484333 0.0625252 0.0548021
0 0.932311 0.483939 0.0633264 0.0549399
0 0.446148 0.292457 0.0553613 0.0560402
0 0.0472717 0.283543 0.071639 0.0507373
0 0.69353 0.291808 0.0611842 0.0542668
0 0.15813 0.605493 0.064368 0.0534027
0 0.532237 0.824313 0.0614634 0.0569544
0 0.696137 0.4782 0.0620434 0.0532563
0 0.275115 0.41614 0.0615194 0.0508129
0 0.456519 0.421254 0.0603533 0.0559804
0 0.523173 0.35417 0.0618057 0.0570555
0 0.448974 0.478362 0.0655022 0.0516411
0 0.94535 0.288999 0.0666692 0.0551294
0 0.0462239 0.884228 0.0665752 0.059321
0 0.214152 0.352181 0.062936 0.0527027
0 0.929907 0.82045 0.0652431 0.05895
0 0.0450082 0.351862 0.0728002 0.0582145
0 0.311225 0.761228 0.0793176 0.0596927
0 0.45545 0.361456 0.0587025 0.0548456
0 0.936543 0.351761 0.0689926 0.0582535
0 0.698158 0.818605 0.0581663 0.0543358
0 0.28577 0.825554 0.0643613 0.0586316
0 0.987713 0.353627 0.0245736 0.052563
0 0.988303 0.290792 0.023347 0.0537243
0 0.983304 0.886816 0.0333918 0.059675
