0 0.631312 0.741593 0.101849 0.0887573
0 0.216342 0.414929 0.108552 0.0780868
0 0.753056 0.61931 0.101745 0.0853403
0 0.330865 0.627206 0.0965277 0.0803575
0 0.756676 0.513968 0.095085 0.0759047
0 0.755852 0.403464 0.0975578 0.0791051
0 0.210673 0.62942 0.105452 0.0793177
0 0.332946 0.40017 0.102755 0.0867307
0 0.636169 0.513085 0.102563 0.0804145
0 0.650643 0.403472 0.10069 0.0833652
0 0.221754 0.736483 0.102692 0.0820358
0 0.342172 0.737184 0.102017 0.085743
0 0.319777 0.507824 0.0978498 0.0773118
0 0.624682 0.627464 0.105246 0.0847894
0 0.988948 0.511509 0.0221048 0.107442
0 0.991066 0.404162 0.0178685 0.0991209
