0 0.920393 0.707084 0.0366692 0.12338
0 0.958301 0.712016 0.0361771 0.118787
0 0.807517 0.835349 0.0337982 0.111756
0 0.843167 0.708265 0.0348913 0.112946
0 0.76748 0.261386 0.0317165 0.112319
0 0.844905 0.257277 0.0360929 0.121464
0 0.959659 0.407081 0.0383376 0.126929
0 0.575736 0.851166 0.0293058 0.131523
0 0.880613 0.387137 0.0369306 0.120178
0 0.692201 0.395286 0.0330658 0.125294
0 0.653922 0.83484 0.0320152 0.123613
0 0.615242 0.84909 0.0305883 0.12664
0 0.917926 0.260455 0.0363317 0.107333
0 0.886146 0.829121 0.0371546 0.120473
0 0.539382 0.854716 0.0283976 0.12481
0 0.728123 0.826089 0.0310664 0.109685
0 0.689408 0.834492 0.0286591 0.113522
0 0.421193 0.846915 0.0316011 0.125866
0 0.463517 0.839677 0.0302231 0.127781
0 0.232264 0.313441 0.0165178 0.023412
