0 0.805176 0.854976 0.0415929 0.14193
0 0.846955 0.701314 0.0417119 0.141411
0 0.753087 0.709194 0.0409896 0.137135
0 0.893329 0.71127 0.0432232 0.140597
0 0.752941 0.15723 0.0410224 0.147047
0 0.894505 0.334295 0.0432219 0.146073
0 0.709839 0.8631 0.0397873 0.136673
0 0.288444 0.872597 0.0414735 0.142084
0 0.237574 0.881012 0.0420624 0.147361
0 0.796225 0.312883 0.0416859 0.140572
0 0.425968 0.882949 0.0363847 0.154867
0 0.382465 0.889077 0.0345861 0.140678
0 0.658816 0.1622 0.0349299 0.131582
0 0.566481 0.862674 0.0338899 0.128755
0 0.475193 0.880187 0.033856 0.146868
0 0.567482 0.330472 0.036903 0.150091
0 0.521954 0.862036 0.0332036 0.13725
0 0.843392 0.157733 0.0412792 0.129332
0 0.612507 0.855365 0.0332794 0.134046
0 0.877907 0.831197 0.028216 0.0240014
0 0.880188 0.804473 0.0238736 0.0248931
