0 0.210449 0.281408 0.0632685 0.0530365
0 0.533511 0.822147 0.0618264 0.0578545
0 0.933213 0.481466 0.0631892 0.0559642
0 0.774321 0.759059 0.06673 0.0621841
0 0.761339 0.413512 0.0597815 0.0525428
0 0.279892 0.279375 0.0666452 0.0541687
0 0.208889 0.48351 0.0616995 0.0539233
0 0.0464453 0.41367 0.0675316 0.0543203
0 0.449775 0.47622 0.0657963 0.0506062
0 0.69337 0.874583 0.0586207 0.0528818
0 0.380105 0.662368 0.0590512 0.0492565
0 0.458146 0.757702 0.0588156 0.0533072
0 0.0501741 0.478291 0.0631833 0.0531417
0 0.522675 0.482167 0.0604558 0.0544865
0 0.276583 0.414413 0.0611804 0.0519918
0 0.448484 0.290925 0.0578008 0.0570572
0 0.767328 0.475764 0.0615507 0.0512161
0 0.27494 0.480837 0.0663715 0.0562445
0 0.461216 0.821894 0.0567276 0.0549237
0 0.519003 0.286635 0.0591209 0.0547369
0 0.46881 0.590281 0.0610805 0.0529151
0 0.28805 0.886184 0.0562083 0.0570484
0 0.913675 0.883171 0.0646543 0.0595827
0 0.763117 0.284229 0.0661855 0.0556044
0 0.219101 0.816629 0.0616081 0.0518191
0 0.697288 0.475992 0.062756 0.0534632
0 0.218011 0.877518 0.0585713 0.052559
0 0.773222 0.88677 0.060699 0.056604
0 0.0484464 0.282173 0.0715447 0.0523262
0 0.700002 0.751297 0.0564158 0.0529787
0 0.282011 0.351326 0.0627588 0.0545025
0 0.214079 0.753872 0.0655521 0.0545204
0 0.755788 0.344848 0.0604106 0.0521104
0 0.457118 0.419311 0.0596277 0.0544391
0 0.214939 0.350709 0.0623212 0.0533934
0 0.0481953 0.882663 0.0669014 0.0582992
0 0.699329 0.815186 0.0582589 0.0521389
0 0.692329 0.413691 0.0663666 0.0528506
0 0.314019 0.759238 0.0791347 0.0583284
0 0.931252 0.816632 0.0655322 0.0580139
0 0.527899 0.885169 0.0648431 0.0585791
0 0.930712 0.414647 0.0670532 0.0537488
0 0.456709 0.360373 0.059654 0.0533947
0 0.694734 0.289898 0.0613797 0.0542294
0 0.288001 0.824187 0.0629215 0.0560773
0 0.0468497 0.351341 0.0730341 0.0594659
0 0.937762 0.350306 0.0686751 0.0577969
0 0.945798 0.286653 0.0662567 0.0561336
0 0.523299 0.414497 0.0667895 0.0529036
0 0.524984 0.352871 0.0637207 0.0570869
0 0.988384 0.286963 0.0228978 0.0541155
0 0.987892 0.351685 0.0242154 0.0505473
0 0.983568 0.884635 0.0328636 0.0620178
