0 0.115481 0.638576 0.0524799 0.0840376
0 0.04789 0.368196 0.0517162 0.0419774
0 0.215518 0.320028 0.0471856 0.0429897
0 0.90406 0.379623 0.0523926 0.0436381
0 0.679293 0.707942 0.0464742 0.0422344
0 0.907532 0.710273 0.0437976 0.0439669
0 0.219292 0.753316 0.0434231 0.0431448
0 0.341673 0.661233 0.0439941 0.0425928
0 0.682438 0.468315 0.0454113 0.0419678
0 0.666476 0.756654 0.0429715 0.0420554
0 0.850552 0.470815 0.0460311 0.0416994
0 0.567714 0.664553 0.0478477 0.044099
0 0.514052 0.705281 0.0413443 0.0417866
0 0.853773 0.425152 0.0494794 0.0447632
0 0.739868 0.708913 0.0422882 0.0406042
0 0.0499788 0.319743 0.0505945 0.0410426
0 0.388513 0.46358 0.0448943 0.0423136
0 0.510468 0.749115 0.0439072 0.0416355
0 0.0472143 0.749004 0.0484799 0.0441823
0 0.903187 0.423898 0.0484267 0.0430433
0 0.168814 0.369853 0.0456738 0.0429376
0 0.0478356 0.412823 0.0487043 0.0411023
0 0.386696 0.326246 0.0426295 0.041466
0 0.566701 0.757656 0.043081 0.0435688
0 0.850788 0.66438 0.0466525 0.040474
0 0.391109 0.753797 0.0480999 0.0416971
0 0.395605 0.707717 0.0458931 0.0422436
0 0.166733 0.320842 0.0461182 0.0425549
0 0.50779 0.373577 0.041294 0.0385154
0 0.341991 0.422056 0.0432109 0.0416866
0 0.5148 0.659875 0.040772 0.0394341
0 0.559943 0.328034 0.0452298 0.0416437
0 0.853004 0.33286 0.0509819 0.0402057
0 0.0508202 0.458177 0.0474468 0.0417068
0 0.163741 0.462936 0.0451529 0.038554
0 0.237083 0.661169 0.0582648 0.0441384
0 0.344403 0.707842 0.0425679 0.0419716
0 0.219833 0.707393 0.0470593 0.0416701
0 0.905799 0.75429 0.046048 0.039879
0 0.73125 0.756023 0.0485898 0.0439799
0 0.336157 0.461393 0.0491063 0.0384428
0 0.679663 0.42184 0.0460841 0.0422023
0 0.389043 0.373492 0.0460893 0.0424138
0 0.555165 0.369625 0.0408607 0.0396682
0 0.908764 0.662859 0.0431329 0.041649
0 0.341224 0.376882 0.0436657 0.0406863
0 0.73349 0.374941 0.0431561 0.0411158
0 0.558439 0.419401 0.0425669 0.0405095
0 0.851879 0.376737 0.0521734 0.0450445
0 0.166845 0.657564 0.0479302 0.0397925
0 0.168773 0.746561 0.0431471 0.0385931
0 0.21695 0.369965 0.0475159 0.0438174
0 0.734184 0.33212 0.0431997 0.0400749
0 0.512511 0.462785 0.0447426 0.0378826
0 0.983684 0.16943 0.0301692 0.0814693
0 0.852004 0.712125 0.0440582 0.0421748
0 0.335749 0.327972 0.0417648 0.042317
0 0.212526 0.415959 0.0462196 0.0401969
0 0.689288 0.330896 0.0438527 0.0413298
0 0.389933 0.417705 0.0473705 0.0394166
0 0.169863 0.70388 0.0461414 0.0415959
0 0.684742 0.375166 0.0442958 0.0398434
0 0.510044 0.419351 0.0464243 0.0407925
0 0.562033 0.462375 0.0447683 0.0399485
0 0.512574 0.331377 0.0449654 0.0393537
0 0.211174 0.463261 0.0487364 0.0424318
0 0.0119741 0.289062 0.0224536 0.0221559
