0 0.92269 0.64853 0.0600339 0.196115
0 0.731827 0.643006 0.0546315 0.185631
0 0.86016 0.635402 0.0566743 0.195111
0 0.670617 0.854107 0.0513535 0.185
0 0.349773 0.880126 0.0512976 0.186747
0 0.47706 0.126034 0.0479772 0.188633
0 0.41409 0.851398 0.0486028 0.185758
0 0.538643 0.845807 0.0430361 0.179638
0 0.8019 0.849473 0.0564023 0.188166
0 0.220512 0.892445 0.0492765 0.184615
0 0.474315 0.854781 0.0458458 0.177072
0 0.281679 0.884048 0.0507869 0.192594
0 0.094029 0.867199 0.0644176 0.195907
0 0.791 0.100764 0.0540014 0.200182
0 0.924832 0.133161 0.0562444 0.204464
0 0.0287574 0.882576 0.0575149 0.19328
