2 0.100260 0.167593 0.024479 0.079630
2 0.125260 0.168519 0.024479 0.079630
2 0.150260 0.168519 0.024479 0.079630
2 0.175260 0.168519 0.024479 0.079630
2 0.199740 0.168519 0.024479 0.079630
2 0.224740 0.168519 0.024479 0.079630
2 0.249740 0.169444 0.024479 0.079630
2 0.274740 0.167593 0.024479 0.079630
2 0.299740 0.165741 0.024479 0.079630
2 0.324740 0.163889 0.024479 0.079630
2 0.350260 0.161111 0.024479 0.079630
2 0.375260 0.160185 0.024479 0.079630
2 0.400260 0.159259 0.024479 0.079630
2 0.425260 0.156481 0.024479 0.079630
2 0.650260 0.143519 0.024479 0.079630
2 0.676302 0.142593 0.024479 0.079630
2 0.700260 0.142593 0.024479 0.079630
2 0.725260 0.140741 0.024479 0.079630
2 0.750260 0.140741 0.024479 0.079630
2 0.775781 0.138889 0.024479 0.079630
2 0.801823 0.137037 0.024479 0.079630
2 0.825781 0.135185 0.024479 0.079630
2 0.132552 0.363889 0.024479 0.079630
2 0.133594 0.444444 0.024479 0.079630
2 0.156510 0.363889 0.024479 0.079630
2 0.158073 0.444444 0.024479 0.079630
2 0.181510 0.363889 0.024479 0.079630
2 0.182552 0.443519 0.024479 0.079630
2 0.206510 0.362963 0.024479 0.079630
2 0.207552 0.440741 0.024479 0.079630
2 0.231510 0.362963 0.024479 0.079630
2 0.233073 0.439815 0.024479 0.079630
2 0.255990 0.362037 0.024479 0.079630
2 0.280990 0.358333 0.024479 0.079630
2 0.307031 0.358333 0.024479 0.079630
2 0.332031 0.358333 0.024479 0.079630
2 0.355990 0.356481 0.024479 0.079630
2 0.380990 0.354630 0.024479 0.079630
2 0.404948 0.352778 0.024479 0.079630
2 0.431510 0.351852 0.024479 0.079630
2 0.457031 0.351852 0.024479 0.079630
2 0.479948 0.350000 0.024479 0.079630
2 0.505469 0.349074 0.024479 0.079630
2 0.531510 0.346296 0.024479 0.079630
2 0.557031 0.347222 0.024479 0.079630
2 0.581510 0.345370 0.024479 0.079630
2 0.606510 0.343519 0.024479 0.079630
2 0.632031 0.343519 0.024479 0.079630
2 0.657031 0.341667 0.024479 0.079630
2 0.680990 0.341667 0.024479 0.079630
2 0.706510 0.342593 0.024479 0.079630
2 0.732031 0.341667 0.024479 0.079630
2 0.733594 0.419444 0.024479 0.079630
2 0.708594 0.419444 0.024479 0.079630
2 0.683073 0.420370 0.024479 0.079630
2 0.658073 0.420370 0.024479 0.079630
2 0.633073 0.423148 0.024479 0.079630
2 0.608073 0.424074 0.024479 0.079630
2 0.582552 0.426852 0.024479 0.079630
2 0.558073 0.428704 0.024479 0.079630
2 0.532031 0.427778 0.024479 0.079630
2 0.507031 0.430556 0.024479 0.079630
2 0.482031 0.431481 0.024479 0.079630
2 0.457552 0.431481 0.024479 0.079630
2 0.433073 0.432407 0.024479 0.079630
2 0.407552 0.433333 0.024479 0.079630
2 0.382031 0.436111 0.024479 0.079630
2 0.358073 0.436111 0.024479 0.079630
2 0.332031 0.437037 0.024479 0.079630
2 0.307552 0.439815 0.024479 0.079630
2 0.283073 0.440741 0.024479 0.079630
2 0.257552 0.441667 0.024479 0.079630
2 0.161198 0.647222 0.024479 0.079630
2 0.186719 0.647222 0.024479 0.079630
2 0.212240 0.647222 0.024479 0.079630
2 0.237240 0.645370 0.024479 0.079630
2 0.261719 0.645370 0.024479 0.079630
2 0.286198 0.643519 0.024479 0.079630
2 0.311719 0.644444 0.024479 0.079630
2 0.336719 0.642593 0.024479 0.079630
2 0.361719 0.643519 0.024479 0.079630
2 0.386198 0.641667 0.024479 0.079630
2 0.412240 0.639815 0.024479 0.079630
2 0.436719 0.637037 0.024479 0.079630
2 0.461719 0.636111 0.024479 0.079630
2 0.485677 0.637037 0.024479 0.079630
2 0.511719 0.637037 0.024479 0.079630
2 0.536198 0.635185 0.024479 0.079630
2 0.561198 0.632407 0.024479 0.079630
2 0.586198 0.630556 0.024479 0.079630
2 0.612240 0.628704 0.024479 0.079630
2 0.636719 0.628704 0.024479 0.079630
2 0.660677 0.627778 0.024479 0.079630
2 0.686719 0.625926 0.024479 0.079630
2 0.711198 0.625000 0.024479 0.079630
2 0.735677 0.622222 0.024479 0.079630
2 0.760677 0.620370 0.024479 0.079630
2 0.212760 0.729630 0.024479 0.079630
2 0.238281 0.728704 0.024479 0.079630
2 0.262760 0.726852 0.024479 0.079630
2 0.287760 0.725000 0.024479 0.079630
2 0.312760 0.725000 0.024479 0.079630
2 0.338802 0.725000 0.024479 0.079630
2 0.362240 0.723148 0.024479 0.079630
2 0.387760 0.721296 0.024479 0.079630
2 0.412760 0.721296 0.024479 0.079630
2 0.437240 0.718519 0.024479 0.079630
2 0.462240 0.718519 0.024479 0.079630
2 0.487760 0.717593 0.024479 0.079630
2 0.512240 0.715741 0.024479 0.079630
2 0.536719 0.714815 0.024479 0.079630
2 0.561719 0.713889 0.024479 0.079630
2 0.587240 0.711111 0.024479 0.079630
2 0.612240 0.710185 0.024479 0.079630
2 0.637240 0.708333 0.024479 0.079630
2 0.662240 0.707407 0.024479 0.079630
2 0.687240 0.708333 0.024479 0.079630
2 0.712240 0.706481 0.024479 0.079630
2 0.615365 0.898148 0.024479 0.079630
2 0.590885 0.898148 0.024479 0.079630
2 0.566406 0.900926 0.024479 0.079630
2 0.540885 0.902778 0.024479 0.079630
2 0.515885 0.903704 0.024479 0.079630
2 0.490365 0.902778 0.024479 0.079630
2 0.465365 0.903704 0.024479 0.079630
2 0.441406 0.903704 0.024479 0.079630
2 0.416406 0.903704 0.024479 0.079630
2 0.390365 0.905556 0.024479 0.079630
2 0.366927 0.908333 0.024479 0.079630
2 0.340885 0.909259 0.024479 0.079630
2 0.315365 0.911111 0.024479 0.079630
2 0.265885 0.910185 0.024479 0.079630
2 0.289323 0.908333 0.024479 0.079630
2 0.816406 0.845370 0.049479 0.085185
2 0.833594 0.817593 0.049479 0.085185
2 0.849219 0.786111 0.049479 0.085185
2 0.864323 0.752778 0.049479 0.085185
2 0.932552 0.616667 0.049479 0.085185
2 0.949219 0.582407 0.049479 0.085185
2 0.965365 0.552778 0.049479 0.085185
2 0.852344 0.902778 0.049479 0.085185
2 0.866927 0.870370 0.049479 0.085185
2 0.884635 0.840741 0.049479 0.085185
2 0.901823 0.811111 0.049479 0.085185
2 0.968750 0.672222 0.044792 0.075926
1 0.777344 0.925926 0.043229 0.072222
1 0.801823 0.881481 0.043229 0.072222
1 0.835677 0.935185 0.043229 0.072222
1 0.807813 0.968056 0.039583 0.050926
