2 0.083594 0.152315 0.026562 0.087963
2 0.110156 0.153241 0.026562 0.087963
2 0.136198 0.150463 0.026562 0.087963
2 0.162760 0.151389 0.026562 0.087963
2 0.189844 0.152315 0.026562 0.087963
2 0.215885 0.153241 0.026562 0.087963
2 0.242969 0.151389 0.026562 0.087963
2 0.268490 0.150463 0.026562 0.087963
2 0.295573 0.148611 0.026562 0.087963
2 0.321094 0.149537 0.026562 0.087963
2 0.349219 0.146759 0.026562 0.087963
2 0.375781 0.146759 0.026562 0.087963
2 0.402344 0.143056 0.026562 0.087963
2 0.427865 0.145833 0.026562 0.087963
2 0.455990 0.144907 0.026562 0.087963
2 0.668490 0.137500 0.026562 0.087963
2 0.694531 0.135648 0.026562 0.087963
2 0.721615 0.137500 0.026562 0.087963
2 0.748698 0.135648 0.026562 0.087963
2 0.774740 0.136574 0.026562 0.087963
2 0.801823 0.137500 0.026562 0.087963
2 0.828385 0.138426 0.026562 0.087963
2 0.855990 0.136574 0.026562 0.087963
2 0.882552 0.138426 0.026562 0.087963
2 0.907552 0.138426 0.026562 0.087963
2 0.751823 0.350463 0.026562 0.087963
2 0.726302 0.352315 0.026562 0.087963
2 0.699740 0.352315 0.026562 0.087963
2 0.672135 0.350463 0.026562 0.087963
2 0.645052 0.352315 0.026562 0.087963
2 0.618490 0.354167 0.026562 0.087963
2 0.591927 0.353241 0.026562 0.087963
2 0.565885 0.353241 0.026562 0.087963
2 0.540365 0.353241 0.026562 0.087963
2 0.513802 0.354167 0.026562 0.087963
2 0.487240 0.355093 0.026562 0.087963
2 0.460156 0.354167 0.026562 0.087963
2 0.434115 0.356944 0.026562 0.087963
2 0.433073 0.355093 0.026562 0.087963
2 0.407031 0.356019 0.026562 0.087963
2 0.380990 0.356944 0.026562 0.087963
2 0.354427 0.355093 0.026562 0.087963
2 0.328385 0.356944 0.026562 0.087963
2 0.301302 0.357870 0.026562 0.087963
2 0.274740 0.356944 0.026562 0.087963
2 0.248177 0.360648 0.026562 0.087963
2 0.221615 0.360648 0.026562 0.087963
2 0.195573 0.358796 0.026562 0.087963
2 0.168490 0.359722 0.026562 0.087963
2 0.142448 0.361574 0.026562 0.087963
2 0.115365 0.361574 0.026562 0.087963
2 0.116406 0.449537 0.026562 0.087963
2 0.141927 0.449537 0.026562 0.087963
2 0.169010 0.449537 0.026562 0.087963
2 0.195052 0.448611 0.026562 0.087963
2 0.222135 0.447685 0.026562 0.087963
2 0.248698 0.447685 0.026562 0.087963
2 0.275260 0.449537 0.026562 0.087963
2 0.300260 0.447685 0.026562 0.087963
2 0.327865 0.447685 0.026562 0.087963
2 0.354948 0.447685 0.026562 0.087963
2 0.380990 0.445833 0.026562 0.087963
2 0.408073 0.444907 0.026562 0.087963
2 0.434635 0.444907 0.026562 0.087963
2 0.460677 0.443981 0.026562 0.087963
2 0.487760 0.443981 0.026562 0.087963
2 0.514323 0.442130 0.026562 0.087963
2 0.540885 0.443056 0.026562 0.087963
2 0.566927 0.443056 0.026562 0.087963
2 0.593490 0.442130 0.026562 0.087963
2 0.619531 0.442130 0.026562 0.087963
2 0.646094 0.441204 0.026562 0.087963
2 0.672656 0.441204 0.026562 0.087963
2 0.700260 0.440278 0.026562 0.087963
2 0.726302 0.440278 0.026562 0.087963
2 0.752865 0.441204 0.026562 0.087963
2 0.779948 0.649537 0.026562 0.087963
2 0.754427 0.650463 0.026562 0.087963
2 0.727344 0.649537 0.026562 0.087963
2 0.701302 0.650463 0.026562 0.087963
2 0.674740 0.651389 0.026562 0.087963
2 0.647656 0.652315 0.026562 0.087963
2 0.621615 0.653241 0.026562 0.087963
2 0.595052 0.654167 0.026562 0.087963
2 0.568490 0.655093 0.026562 0.087963
2 0.541927 0.654167 0.026562 0.087963
2 0.515885 0.656944 0.026562 0.087963
2 0.489323 0.657870 0.026562 0.087963
2 0.461719 0.656944 0.026562 0.087963
2 0.435677 0.656944 0.026562 0.087963
2 0.408594 0.657870 0.026562 0.087963
2 0.383594 0.658796 0.026562 0.087963
2 0.356510 0.661574 0.026562 0.087963
2 0.330469 0.660648 0.026562 0.087963
2 0.304427 0.661574 0.026562 0.087963
2 0.276823 0.660648 0.026562 0.087963
2 0.250781 0.660648 0.026562 0.087963
2 0.225260 0.662500 0.026562 0.087963
2 0.199219 0.662500 0.026562 0.087963
2 0.172135 0.662500 0.026562 0.087963
2 0.145573 0.664352 0.026562 0.087963
2 0.199219 0.751389 0.026562 0.087963
2 0.224740 0.751389 0.026562 0.087963
2 0.304948 0.751389 0.026562 0.087963
2 0.278906 0.750463 0.026562 0.087963
2 0.251823 0.752315 0.026562 0.087963
2 0.331510 0.750463 0.026562 0.087963
2 0.358073 0.749537 0.026562 0.087963
2 0.383594 0.748611 0.026562 0.087963
2 0.410677 0.747685 0.026562 0.087963
2 0.436719 0.746759 0.026562 0.087963
2 0.463802 0.746759 0.026562 0.087963
2 0.490365 0.747685 0.026562 0.087963
2 0.516927 0.746759 0.026562 0.087963
2 0.543490 0.745833 0.026562 0.087963
2 0.569531 0.744907 0.026562 0.087963
2 0.595573 0.744907 0.026562 0.087963
2 0.621615 0.743056 0.026562 0.087963
2 0.648177 0.742130 0.026562 0.087963
2 0.674740 0.741204 0.026562 0.087963
2 0.701302 0.741204 0.026562 0.087963
2 0.727865 0.741204 0.026562 0.087963
2 0.623177 0.941204 0.026562 0.087963
2 0.253385 0.949537 0.026562 0.087963
2 0.279427 0.947685 0.026562 0.087963
2 0.305990 0.947685 0.026562 0.087963
2 0.332552 0.946759 0.026562 0.087963
2 0.359635 0.945833 0.026562 0.087963
2 0.385156 0.943981 0.026562 0.087963
2 0.412240 0.942130 0.026562 0.087963
2 0.439323 0.942130 0.026562 0.087963
2 0.465885 0.942130 0.026562 0.087963
2 0.491927 0.942130 0.026562 0.087963
2 0.517969 0.941204 0.026562 0.087963
2 0.544531 0.942130 0.026562 0.087963
2 0.571615 0.941204 0.026562 0.087963
2 0.597135 0.941204 0.026562 0.087963
2 0.836979 0.892130 0.052083 0.087963
2 0.855208 0.859722 0.052083 0.087963
2 0.871875 0.824537 0.052083 0.087963
2 0.890104 0.793981 0.052083 0.087963
2 0.875521 0.952315 0.052083 0.087963
2 0.892188 0.920833 0.052083 0.087963
2 0.909896 0.887500 0.052083 0.087963
2 0.927604 0.854167 0.052083 0.087963
2 0.964063 0.653241 0.052083 0.087963
2 0.977865 0.619907 0.044271 0.091667
1 0.819792 0.926389 0.052083 0.087963
1 0.794792 0.965278 0.057292 0.069444
