1 0.069271 0.187963 0.058333 0.051852
1 0.068229 0.266667 0.058333 0.051852
1 0.127083 0.267593 0.058333 0.051852
1 0.128646 0.189815 0.058333 0.051852
1 0.270833 0.189815 0.058333 0.051852
1 0.329688 0.189815 0.058333 0.051852
1 0.329688 0.265741 0.058333 0.051852
1 0.271875 0.265741 0.058333 0.051852
1 0.471875 0.188889 0.058333 0.051852
1 0.529167 0.188889 0.058333 0.051852
1 0.471875 0.265741 0.058333 0.051852
1 0.529687 0.268519 0.058333 0.051852
1 0.670833 0.268519 0.058333 0.051852
1 0.670833 0.190741 0.058333 0.051852
1 0.728646 0.190741 0.058333 0.051852
1 0.728646 0.268519 0.058333 0.051852
1 0.865625 0.268519 0.058333 0.051852
1 0.923958 0.268519 0.058333 0.051852
1 0.923958 0.191667 0.058333 0.051852
1 0.866667 0.190741 0.058333 0.051852
2 0.866667 0.320370 0.058333 0.051852
2 0.925000 0.320370 0.058333 0.051852
2 0.925000 0.374074 0.058333 0.051852
2 0.925521 0.425926 0.058333 0.051852
2 0.926562 0.480556 0.058333 0.051852
2 0.868229 0.480556 0.058333 0.051852
2 0.868229 0.426852 0.058333 0.051852
2 0.868229 0.374074 0.058333 0.051852
2 0.730729 0.321296 0.058333 0.051852
2 0.730729 0.375926 0.058333 0.051852
2 0.730729 0.427778 0.058333 0.051852
2 0.730729 0.479630 0.058333 0.051852
2 0.673438 0.479630 0.058333 0.051852
2 0.673438 0.428704 0.058333 0.051852
2 0.673438 0.375926 0.058333 0.051852
2 0.671354 0.321296 0.058333 0.051852
2 0.530208 0.322222 0.058333 0.051852
2 0.530208 0.374074 0.058333 0.051852
2 0.530208 0.425926 0.058333 0.051852
2 0.530208 0.478704 0.058333 0.051852
2 0.472396 0.478704 0.058333 0.051852
2 0.472396 0.426852 0.058333 0.051852
2 0.472396 0.375000 0.058333 0.051852
2 0.472396 0.323148 0.058333 0.051852
2 0.330208 0.321296 0.058333 0.051852
2 0.330208 0.374074 0.058333 0.051852
2 0.330208 0.427778 0.058333 0.051852
2 0.330208 0.481481 0.058333 0.051852
2 0.270833 0.481481 0.058333 0.051852
2 0.270833 0.428704 0.058333 0.051852
2 0.270833 0.374074 0.058333 0.051852
2 0.270833 0.321296 0.058333 0.051852
2 0.127083 0.321296 0.058333 0.051852
2 0.127083 0.374074 0.058333 0.051852
2 0.126562 0.427778 0.058333 0.051852
2 0.126042 0.480556 0.058333 0.051852
2 0.068229 0.480556 0.058333 0.051852
2 0.068229 0.427778 0.058333 0.051852
2 0.068229 0.375000 0.058333 0.051852
2 0.068229 0.322222 0.058333 0.051852
2 0.060677 0.716204 0.069271 0.049074
2 0.060677 0.768056 0.069271 0.049074
2 0.060677 0.818981 0.069271 0.049074
2 0.130469 0.818981 0.069271 0.049074
2 0.130469 0.768056 0.069271 0.049074
2 0.130469 0.716204 0.069271 0.049074
2 0.266406 0.714352 0.069271 0.049074
2 0.266406 0.767130 0.069271 0.049074
2 0.266406 0.821759 0.069271 0.049074
2 0.335677 0.821759 0.069271 0.049074
2 0.335677 0.768056 0.069271 0.049074
2 0.335677 0.714352 0.069271 0.049074
2 0.466406 0.712500 0.069271 0.049074
2 0.466406 0.764352 0.069271 0.049074
2 0.466406 0.819907 0.069271 0.049074
2 0.536198 0.819907 0.069271 0.049074
2 0.536198 0.765278 0.069271 0.049074
2 0.536198 0.713426 0.069271 0.049074
2 0.667969 0.710648 0.069271 0.049074
2 0.667969 0.764352 0.069271 0.049074
2 0.668490 0.818056 0.069271 0.049074
2 0.739844 0.818056 0.069271 0.049074
2 0.739844 0.763426 0.069271 0.049074
2 0.739844 0.707870 0.069271 0.049074
2 0.867448 0.707870 0.069271 0.049074
2 0.867448 0.762500 0.069271 0.049074
2 0.867969 0.817130 0.069271 0.049074
2 0.937760 0.817130 0.069271 0.049074
2 0.937760 0.762500 0.069271 0.049074
2 0.937760 0.708796 0.069271 0.049074
0 0.531250 0.374537 0.057292 0.054630
