0 0.581771 0.377315 0.047917 0.039815
1 0.041667 0.211111 0.052083 0.046296
1 0.041146 0.287037 0.052083 0.046296
1 0.165104 0.285185 0.052083 0.046296
1 0.165104 0.213889 0.052083 0.046296
1 0.217708 0.214815 0.052083 0.046296
1 0.218229 0.286111 0.052083 0.046296
1 0.346875 0.284259 0.052083 0.046296
1 0.345313 0.212963 0.052083 0.046296
1 0.398958 0.212037 0.052083 0.046296
1 0.398958 0.284259 0.052083 0.046296
1 0.527604 0.282407 0.052083 0.046296
1 0.527083 0.210185 0.052083 0.046296
1 0.580208 0.210185 0.052083 0.046296
1 0.580208 0.282407 0.052083 0.046296
1 0.708333 0.283333 0.052083 0.046296
1 0.707812 0.210185 0.052083 0.046296
1 0.760938 0.212037 0.052083 0.046296
1 0.761458 0.282407 0.052083 0.046296
1 0.885417 0.280556 0.052083 0.046296
1 0.885938 0.209259 0.052083 0.046296
1 0.939583 0.209259 0.052083 0.046296
1 0.939583 0.279630 0.052083 0.046296
2 0.041146 0.333333 0.052083 0.046296
2 0.042188 0.382407 0.052083 0.046296
2 0.041146 0.429630 0.052083 0.046296
2 0.041146 0.477778 0.052083 0.046296
2 0.166667 0.476852 0.052083 0.046296
2 0.165104 0.428704 0.052083 0.046296
2 0.165625 0.380556 0.052083 0.046296
2 0.166146 0.332407 0.052083 0.046296
2 0.218229 0.334259 0.052083 0.046296
2 0.218229 0.381481 0.052083 0.046296
2 0.218229 0.430556 0.052083 0.046296
2 0.218750 0.476852 0.052083 0.046296
2 0.347917 0.476852 0.052083 0.046296
2 0.348438 0.428704 0.052083 0.046296
2 0.347917 0.380556 0.052083 0.046296
2 0.346875 0.333333 0.052083 0.046296
2 0.400000 0.333333 0.052083 0.046296
2 0.399479 0.379630 0.052083 0.046296
2 0.400521 0.426852 0.052083 0.046296
2 0.401042 0.477778 0.052083 0.046296
2 0.527604 0.331481 0.052083 0.046296
2 0.580729 0.332407 0.052083 0.046296
2 0.527604 0.379630 0.052083 0.046296
2 0.580729 0.380556 0.052083 0.046296
2 0.527604 0.428704 0.052083 0.046296
2 0.580208 0.427778 0.052083 0.046296
2 0.527604 0.475926 0.052083 0.046296
2 0.580208 0.475926 0.052083 0.046296
2 0.708333 0.330556 0.052083 0.046296
2 0.707812 0.379630 0.052083 0.046296
2 0.708333 0.425926 0.052083 0.046296
2 0.708333 0.474074 0.052083 0.046296
2 0.761458 0.332407 0.052083 0.046296
2 0.760938 0.379630 0.052083 0.046296
2 0.761458 0.426852 0.052083 0.046296
2 0.761979 0.475000 0.052083 0.046296
2 0.886979 0.330556 0.052083 0.046296
2 0.886979 0.377778 0.052083 0.046296
2 0.887500 0.425926 0.052083 0.046296
2 0.886979 0.475000 0.052083 0.046296
2 0.939583 0.329630 0.052083 0.046296
2 0.939583 0.378704 0.052083 0.046296
2 0.940104 0.426852 0.052083 0.046296
2 0.939063 0.473148 0.052083 0.046296
2 0.044792 0.685648 0.059375 0.043519
2 0.044271 0.731019 0.059375 0.043519
2 0.044792 0.780093 0.059375 0.043519
2 0.166667 0.685648 0.059375 0.043519
2 0.165625 0.731019 0.059375 0.043519
2 0.165104 0.775463 0.059375 0.043519
2 0.225000 0.777315 0.059375 0.043519
2 0.225000 0.730093 0.059375 0.043519
2 0.226042 0.684722 0.059375 0.043519
2 0.345833 0.683796 0.059375 0.043519
2 0.345833 0.730093 0.059375 0.043519
2 0.346354 0.776389 0.059375 0.043519
2 0.405729 0.775463 0.059375 0.043519
2 0.405208 0.731944 0.059375 0.043519
2 0.407292 0.682870 0.059375 0.043519
2 0.523438 0.681944 0.059375 0.043519
2 0.523958 0.727315 0.059375 0.043519
2 0.523958 0.775463 0.059375 0.043519
2 0.584896 0.774537 0.059375 0.043519
2 0.584375 0.729167 0.059375 0.043519
2 0.584896 0.681944 0.059375 0.043519
2 0.703646 0.727315 0.059375 0.043519
2 0.704167 0.678241 0.059375 0.043519
2 0.764583 0.776389 0.059375 0.043519
2 0.702604 0.775463 0.059375 0.043519
2 0.883854 0.727315 0.059375 0.043519
2 0.764062 0.726389 0.059375 0.043519
2 0.764062 0.677315 0.059375 0.043519
2 0.882812 0.677315 0.059375 0.043519
2 0.882812 0.776389 0.059375 0.043519
2 0.943750 0.774537 0.059375 0.043519
2 0.943750 0.726389 0.059375 0.043519
2 0.943229 0.678241 0.059375 0.043519
