16 0.184896 0.224074 0.059375 0.198148
16 0.245312 0.223148 0.059375 0.198148
16 0.306250 0.221296 0.059375 0.198148
16 0.367188 0.221296 0.059375 0.198148
16 0.428125 0.221296 0.059375 0.198148
16 0.488021 0.221296 0.059375 0.198148
16 0.547917 0.222222 0.059375 0.198148
16 0.609375 0.223148 0.059375 0.198148
16 0.669792 0.222222 0.059375 0.198148
16 0.731771 0.224074 0.059375 0.198148
16 0.792188 0.224074 0.059375 0.198148
16 0.852604 0.225000 0.059375 0.198148
16 0.913021 0.225926 0.059375 0.198148
16 0.973177 0.225926 0.053646 0.196296
16 0.256771 0.697222 0.057292 0.200000
16 0.316667 0.700000 0.057292 0.200000
16 0.376563 0.699074 0.057292 0.200000
16 0.436979 0.696296 0.057292 0.200000
16 0.497917 0.698148 0.057292 0.200000
16 0.558333 0.699074 0.057292 0.200000
16 0.619271 0.696296 0.057292 0.200000
16 0.679688 0.697222 0.057292 0.200000
16 0.740104 0.696296 0.057292 0.200000
16 0.800000 0.696296 0.057292 0.200000
16 0.860938 0.698148 0.057292 0.200000
16 0.921354 0.697222 0.057292 0.200000
16 0.921875 0.900000 0.057292 0.200000
16 0.861458 0.900000 0.057292 0.200000
16 0.801042 0.900000 0.057292 0.200000
16 0.741667 0.900000 0.057292 0.200000
16 0.681771 0.900000 0.057292 0.200000
16 0.621354 0.900000 0.057292 0.200000
16 0.558854 0.900000 0.057292 0.200000
16 0.498958 0.900000 0.057292 0.200000
16 0.439063 0.900000 0.057292 0.200000
16 0.378125 0.900000 0.057292 0.200000
16 0.318229 0.900000 0.057292 0.200000
16 0.256771 0.900000 0.057292 0.200000
16 0.977083 0.695833 0.045833 0.202778
16 0.977083 0.898611 0.045833 0.202778
