1 0.037240 0.177315 0.053646 0.050926
1 0.037760 0.253704 0.053646 0.050000
1 0.163802 0.182407 0.053646 0.050000
1 0.216927 0.183333 0.053646 0.050000
1 0.163802 0.257407 0.053646 0.050000
1 0.216927 0.257407 0.053646 0.050000
1 0.349219 0.187037 0.053646 0.050000
1 0.402865 0.189815 0.053646 0.050000
1 0.535677 0.193519 0.053646 0.050000
1 0.589844 0.194444 0.053646 0.050000
1 0.721094 0.198148 0.053646 0.050000
1 0.775260 0.199074 0.053646 0.050000
1 0.774740 0.275926 0.053646 0.050000
1 0.720052 0.275000 0.053646 0.050000
1 0.588281 0.269444 0.053646 0.050000
1 0.535156 0.268519 0.053646 0.050000
1 0.402344 0.263889 0.053646 0.050000
1 0.349740 0.262963 0.053646 0.050000
2 0.163281 0.306481 0.053646 0.050000
2 0.216927 0.308333 0.053646 0.050000
2 0.162760 0.356481 0.053646 0.050000
2 0.216406 0.357407 0.053646 0.050000
2 0.162760 0.405556 0.053646 0.050000
2 0.162240 0.455556 0.053646 0.050000
2 0.216406 0.457407 0.053646 0.050000
2 0.216927 0.406481 0.053646 0.050000
2 0.349219 0.312037 0.053646 0.050000
2 0.348698 0.361111 0.053646 0.050000
2 0.348698 0.412037 0.053646 0.050000
2 0.348177 0.462037 0.053646 0.050000
2 0.402344 0.462963 0.053646 0.050000
2 0.402344 0.412963 0.053646 0.050000
2 0.402865 0.362037 0.053646 0.050000
2 0.402865 0.313889 0.053646 0.050000
2 0.534115 0.317593 0.053646 0.050000
2 0.587760 0.319444 0.053646 0.050000
2 0.533594 0.366667 0.053646 0.050000
2 0.532552 0.415741 0.053646 0.050000
2 0.533073 0.466667 0.053646 0.050000
2 0.586719 0.468519 0.053646 0.050000
2 0.587240 0.417593 0.053646 0.050000
2 0.587760 0.368519 0.053646 0.050000
2 0.719010 0.324074 0.053646 0.050000
2 0.719010 0.373148 0.053646 0.050000
2 0.718490 0.423148 0.053646 0.050000
2 0.718490 0.473148 0.053646 0.050000
2 0.772135 0.474074 0.053646 0.050000
2 0.773177 0.423148 0.053646 0.050000
2 0.773698 0.374074 0.053646 0.050000
2 0.774219 0.325000 0.053646 0.050000
1 0.903385 0.204630 0.053646 0.050000
1 0.958073 0.204630 0.053646 0.050000
1 0.958594 0.280556 0.053646 0.050000
1 0.903385 0.279630 0.053646 0.050000
2 0.903125 0.328241 0.053125 0.049074
2 0.957292 0.329167 0.053125 0.049074
2 0.903646 0.378241 0.053125 0.049074
2 0.956250 0.377315 0.053125 0.049074
2 0.902083 0.427315 0.053125 0.049074
2 0.956250 0.428241 0.053125 0.049074
2 0.955208 0.478241 0.053125 0.049074
2 0.902083 0.477315 0.053125 0.049074
2 0.897396 0.685648 0.058333 0.047222
2 0.956250 0.687500 0.058333 0.047222
2 0.955729 0.737500 0.058333 0.047222
2 0.955729 0.788426 0.058333 0.047222
2 0.895833 0.788426 0.058333 0.047222
2 0.895833 0.737500 0.058333 0.047222
2 0.770833 0.781944 0.058333 0.047222
2 0.771354 0.732870 0.058333 0.047222
2 0.770833 0.682870 0.058333 0.047222
2 0.711458 0.682870 0.058333 0.047222
2 0.711979 0.730093 0.058333 0.047222
2 0.711979 0.781019 0.058333 0.047222
2 0.585938 0.776389 0.058333 0.047222
2 0.585938 0.726389 0.058333 0.047222
2 0.586979 0.677315 0.058333 0.047222
2 0.528125 0.677315 0.058333 0.047222
2 0.526563 0.725463 0.058333 0.047222
2 0.526042 0.775463 0.058333 0.047222
2 0.404167 0.769907 0.058333 0.047222
2 0.404167 0.720833 0.058333 0.047222
2 0.404687 0.672685 0.058333 0.047222
2 0.345313 0.672685 0.058333 0.047222
2 0.345313 0.720833 0.058333 0.047222
2 0.344271 0.769907 0.058333 0.047222
2 0.219271 0.764352 0.058333 0.047222
2 0.219792 0.716204 0.058333 0.047222
2 0.219792 0.668981 0.058333 0.047222
2 0.160417 0.668981 0.058333 0.047222
2 0.160417 0.715278 0.058333 0.047222
2 0.159375 0.764352 0.058333 0.047222
2 0.034375 0.758796 0.058333 0.047222
2 0.034896 0.710648 0.058333 0.047222
2 0.035417 0.663426 0.058333 0.047222
2 0.037500 0.302315 0.053125 0.049074
2 0.036979 0.351389 0.053125 0.049074
2 0.036979 0.400463 0.053125 0.049074
2 0.037500 0.451389 0.053125 0.049074
