16 0.017708 0.393981 0.034375 0.206481
16 0.069271 0.396296 0.061458 0.201852
16 0.132812 0.396296 0.059375 0.205556
16 0.194531 0.399537 0.060937 0.208333
16 0.259115 0.402778 0.059896 0.205556
16 0.322656 0.398611 0.059896 0.202778
16 0.385156 0.400926 0.061979 0.205556
16 0.449219 0.400926 0.059896 0.201852
16 0.512240 0.403704 0.060937 0.203704
16 0.575260 0.404167 0.059896 0.204630
16 0.638021 0.402778 0.060417 0.205556
16 0.701562 0.405093 0.059375 0.208333
16 0.764323 0.404167 0.059896 0.208333
16 0.827344 0.403241 0.060937 0.210185
16 0.889844 0.404630 0.060937 0.212963
16 0.952865 0.406019 0.059896 0.215741
16 0.017969 0.606481 0.034896 0.212963
16 0.069010 0.606944 0.059896 0.206481
16 0.132292 0.606019 0.061458 0.208333
16 0.194792 0.607870 0.061458 0.202778
16 0.258594 0.607870 0.060937 0.202778
16 0.322396 0.607870 0.061458 0.199074
16 0.384635 0.606019 0.061979 0.199074
16 0.448958 0.608333 0.060417 0.198148
16 0.511458 0.607870 0.059375 0.199074
16 0.574740 0.611574 0.058854 0.195370
16 0.637760 0.608796 0.063021 0.199074
16 0.700781 0.607407 0.060937 0.194444
16 0.763021 0.611574 0.059375 0.193519
16 0.826823 0.611111 0.063021 0.194444
16 0.889323 0.611574 0.061979 0.197222
16 0.952344 0.613426 0.060937 0.191667
