1 0.078906 0.190278 0.048438 0.045370
1 0.078385 0.261574 0.048438 0.045370
1 0.189323 0.262500 0.048438 0.045370
1 0.189323 0.194907 0.048438 0.045370
1 0.238281 0.197685 0.048438 0.045370
1 0.237760 0.262500 0.048438 0.045370
1 0.352865 0.198611 0.048438 0.045370
1 0.351823 0.267130 0.048438 0.045370
1 0.401302 0.199537 0.048438 0.045370
1 0.402344 0.267130 0.048438 0.045370
1 0.516406 0.203241 0.048438 0.045370
1 0.515365 0.268056 0.048438 0.045370
1 0.564323 0.205093 0.048438 0.045370
1 0.564323 0.268056 0.048438 0.045370
1 0.675781 0.270833 0.048438 0.045370
1 0.676823 0.206944 0.048438 0.045370
1 0.725781 0.207870 0.048438 0.045370
1 0.725260 0.272685 0.048438 0.045370
1 0.835156 0.207870 0.048438 0.045370
1 0.885677 0.209722 0.048438 0.045370
1 0.883594 0.272685 0.048438 0.045370
1 0.835677 0.273611 0.048438 0.045370
2 0.079427 0.307870 0.048438 0.045370
2 0.079427 0.348611 0.048438 0.045370
2 0.079427 0.392130 0.048438 0.045370
2 0.079427 0.435648 0.048438 0.045370
2 0.188281 0.437500 0.048438 0.045370
2 0.189323 0.393056 0.048438 0.045370
2 0.189323 0.349537 0.048438 0.045370
2 0.189323 0.306944 0.048438 0.045370
2 0.237760 0.306944 0.048438 0.045370
2 0.238281 0.351389 0.048438 0.045370
2 0.238802 0.393981 0.048438 0.045370
2 0.239323 0.438426 0.048438 0.045370
2 0.353385 0.311574 0.048438 0.045370
2 0.352865 0.352315 0.048438 0.045370
2 0.353385 0.394907 0.048438 0.045370
2 0.353385 0.439352 0.048438 0.045370
2 0.401302 0.311574 0.048438 0.045370
2 0.402344 0.352315 0.048438 0.045370
2 0.401823 0.396759 0.048438 0.045370
2 0.402344 0.439352 0.048438 0.045370
2 0.513802 0.313426 0.048438 0.045370
2 0.513802 0.356019 0.048438 0.045370
2 0.513802 0.396759 0.048438 0.045370
2 0.513802 0.443056 0.048438 0.045370
2 0.562240 0.442130 0.048438 0.045370
2 0.563802 0.398611 0.048438 0.045370
2 0.563802 0.356944 0.048438 0.045370
2 0.564323 0.314352 0.048438 0.045370
2 0.675260 0.314352 0.048438 0.045370
2 0.725260 0.314352 0.048438 0.045370
2 0.676302 0.356944 0.048438 0.045370
2 0.724740 0.356944 0.048438 0.045370
2 0.675781 0.399537 0.048438 0.045370
2 0.675781 0.442130 0.048438 0.045370
2 0.723698 0.442130 0.048438 0.045370
2 0.724219 0.402315 0.048438 0.045370
2 0.834635 0.317130 0.048438 0.045370
2 0.835156 0.359722 0.048438 0.045370
2 0.833594 0.404167 0.048438 0.045370
2 0.833594 0.448611 0.048438 0.045370
2 0.883594 0.317130 0.048438 0.045370
2 0.883594 0.358796 0.048438 0.045370
2 0.883073 0.401389 0.048438 0.045370
2 0.882031 0.446759 0.048438 0.045370
2 0.079687 0.618519 0.048958 0.038889
2 0.078646 0.661111 0.048958 0.038889
2 0.078646 0.705556 0.048958 0.038889
2 0.190104 0.704630 0.048958 0.038889
2 0.191146 0.663889 0.048958 0.038889
2 0.190625 0.623148 0.048958 0.038889
2 0.241146 0.625000 0.048958 0.038889
2 0.241667 0.663889 0.048958 0.038889
2 0.242188 0.703704 0.048958 0.038889
2 0.354167 0.706481 0.048958 0.038889
2 0.354687 0.662963 0.048958 0.038889
2 0.355208 0.623148 0.048958 0.038889
2 0.403646 0.623148 0.048958 0.038889
2 0.403646 0.663889 0.048958 0.038889
2 0.402604 0.707407 0.048958 0.038889
2 0.511458 0.709259 0.048958 0.038889
2 0.513021 0.665741 0.048958 0.038889
2 0.511979 0.625000 0.048958 0.038889
2 0.563021 0.625000 0.048958 0.038889
2 0.562500 0.664815 0.048958 0.038889
2 0.563021 0.708333 0.048958 0.038889
2 0.672396 0.710185 0.048958 0.038889
2 0.672917 0.667593 0.048958 0.038889
2 0.672917 0.625926 0.048958 0.038889
2 0.722396 0.625926 0.048958 0.038889
2 0.722917 0.667593 0.048958 0.038889
2 0.721875 0.711111 0.048958 0.038889
2 0.830729 0.712037 0.048958 0.038889
2 0.830729 0.669444 0.048958 0.038889
2 0.831250 0.624074 0.048958 0.038889
2 0.882292 0.625000 0.048958 0.038889
2 0.881771 0.668519 0.048958 0.038889
2 0.882292 0.711111 0.048958 0.038889
