0 0.530208 0.371296 0.052083 0.048148
1 0.070573 0.187500 0.058854 0.052778
1 0.129427 0.187500 0.058854 0.052778
1 0.069531 0.266204 0.058854 0.052778
1 0.127865 0.267130 0.058854 0.052778
1 0.271615 0.187500 0.058854 0.052778
1 0.330469 0.189352 0.058854 0.052778
1 0.271094 0.267130 0.058854 0.052778
1 0.329948 0.267130 0.058854 0.052778
1 0.472135 0.188426 0.058854 0.052778
1 0.530469 0.189352 0.058854 0.052778
1 0.472135 0.268056 0.058854 0.052778
1 0.529948 0.268981 0.058854 0.052778
1 0.669531 0.192130 0.058854 0.052778
1 0.670052 0.268981 0.058854 0.052778
1 0.727865 0.192130 0.058854 0.052778
1 0.729427 0.268981 0.058854 0.052778
1 0.865365 0.192130 0.058854 0.052778
1 0.922656 0.191204 0.058854 0.052778
1 0.865365 0.268981 0.058854 0.052778
1 0.923177 0.269907 0.058854 0.052778
2 0.069010 0.319907 0.058854 0.052778
2 0.068490 0.373611 0.058854 0.052778
2 0.067448 0.427315 0.058854 0.052778
2 0.067448 0.481019 0.058854 0.052778
2 0.125781 0.481019 0.058854 0.052778
2 0.125781 0.426389 0.058854 0.052778
2 0.125781 0.374537 0.058854 0.052778
2 0.126823 0.319907 0.058854 0.052778
2 0.271094 0.321759 0.058854 0.052778
2 0.329948 0.321759 0.058854 0.052778
2 0.329948 0.373611 0.058854 0.052778
2 0.271094 0.373611 0.058854 0.052778
2 0.271094 0.427315 0.058854 0.052778
2 0.271094 0.480093 0.058854 0.052778
2 0.328906 0.480093 0.058854 0.052778
2 0.329948 0.426389 0.058854 0.052778
2 0.472135 0.321759 0.058854 0.052778
2 0.472135 0.374537 0.058854 0.052778
2 0.472135 0.427315 0.058854 0.052778
2 0.472135 0.480093 0.058854 0.052778
2 0.530990 0.481019 0.058854 0.052778
2 0.530990 0.428241 0.058854 0.052778
2 0.530469 0.373611 0.058854 0.052778
2 0.530990 0.322685 0.058854 0.052778
2 0.670052 0.321759 0.058854 0.052778
2 0.670052 0.374537 0.058854 0.052778
2 0.670573 0.427315 0.058854 0.052778
2 0.671094 0.479167 0.058854 0.052778
2 0.730990 0.480093 0.058854 0.052778
2 0.730469 0.428241 0.058854 0.052778
2 0.729948 0.374537 0.058854 0.052778
2 0.729427 0.323611 0.058854 0.052778
2 0.865365 0.322685 0.058854 0.052778
2 0.865885 0.374537 0.058854 0.052778
2 0.867448 0.427315 0.058854 0.052778
2 0.867969 0.481019 0.058854 0.052778
2 0.924219 0.321759 0.058854 0.052778
2 0.924740 0.375463 0.058854 0.052778
2 0.927344 0.427315 0.058854 0.052778
2 0.927865 0.480093 0.058854 0.052778
2 0.063281 0.712500 0.066146 0.050926
2 0.062240 0.766204 0.066146 0.050926
2 0.061719 0.818056 0.066146 0.050926
2 0.129427 0.713426 0.066146 0.050926
2 0.128385 0.767130 0.066146 0.050926
2 0.128385 0.819907 0.066146 0.050926
2 0.267448 0.712500 0.066146 0.050926
2 0.267448 0.766204 0.066146 0.050926
2 0.266927 0.818981 0.066146 0.050926
2 0.332031 0.712500 0.066146 0.050926
2 0.333594 0.764352 0.066146 0.050926
2 0.333594 0.818981 0.066146 0.050926
2 0.467448 0.818981 0.066146 0.050926
2 0.467969 0.764352 0.066146 0.050926
2 0.468490 0.711574 0.066146 0.050926
2 0.534115 0.712500 0.066146 0.050926
2 0.534115 0.764352 0.066146 0.050926
2 0.534635 0.818056 0.066146 0.050926
2 0.670052 0.817130 0.066146 0.050926
2 0.670052 0.763426 0.066146 0.050926
2 0.669010 0.710648 0.066146 0.050926
2 0.735677 0.710648 0.066146 0.050926
2 0.735677 0.763426 0.066146 0.050926
2 0.736198 0.817130 0.066146 0.050926
2 0.869531 0.816204 0.066146 0.050926
2 0.869531 0.762500 0.066146 0.050926
2 0.867969 0.707870 0.066146 0.050926
2 0.935156 0.707870 0.066146 0.050926
2 0.935156 0.761574 0.066146 0.050926
2 0.937240 0.813426 0.066146 0.050926
