1 0.095573 0.095370 0.083854 0.070370
1 0.300000 0.096759 0.084375 0.073148
1 0.385937 0.096759 0.084375 0.073148
1 0.598437 0.099537 0.084375 0.073148
1 0.682292 0.098611 0.084375 0.073148
1 0.893229 0.101389 0.084375 0.073148
1 0.968750 0.101389 0.062500 0.075000
0 0.090625 0.164815 0.088542 0.062963
0 0.088021 0.246759 0.088542 0.065741
0 0.089583 0.326852 0.088542 0.068519
0 0.091927 0.405556 0.076563 0.061111
0 0.079948 0.924074 0.083854 0.077778
0 0.299219 0.919907 0.077604 0.067593
0 0.304688 0.838889 0.078125 0.066667
0 0.390625 0.928704 0.072917 0.070370
0 0.390885 0.849074 0.076563 0.070370
0 0.295312 0.753241 0.081250 0.076852
0 0.425000 0.762963 0.106250 0.074074
0 0.292448 0.411111 0.076563 0.068519
0 0.378125 0.410185 0.081250 0.068519
0 0.379948 0.328241 0.075521 0.069444
0 0.303125 0.247222 0.080208 0.077778
0 0.386979 0.249074 0.079167 0.074074
0 0.299740 0.167130 0.079687 0.075000
0 0.383854 0.156944 0.086458 0.073148
0 0.595052 0.175463 0.070312 0.063889
0 0.683073 0.169444 0.080729 0.062963
0 0.603906 0.256944 0.073438 0.071296
0 0.607031 0.338889 0.076563 0.072222
0 0.598437 0.407870 0.082292 0.065741
0 0.688802 0.414815 0.080729 0.066667
0 0.692448 0.330556 0.089063 0.070370
0 0.690625 0.249537 0.082292 0.073148
0 0.609896 0.762963 0.079167 0.074074
0 0.614062 0.847685 0.077083 0.080556
0 0.695833 0.928241 0.082292 0.078704
0 0.703125 0.845833 0.078125 0.071296
0 0.701302 0.759722 0.079687 0.084259
0 0.904948 0.914815 0.082812 0.072222
0 0.911979 0.836574 0.082292 0.076852
0 0.910677 0.750926 0.072396 0.064815
0 0.905990 0.406944 0.088021 0.063889
0 0.898958 0.333796 0.087500 0.067593
0 0.901563 0.176389 0.080208 0.071296
0 0.971875 0.167130 0.056250 0.062037
0 0.966146 0.246296 0.067708 0.053704
0 0.973437 0.331481 0.053125 0.068519
0 0.976042 0.413426 0.047917 0.065741
0 0.981250 0.758333 0.037500 0.070370
0 0.982552 0.925463 0.034896 0.069444
2 0.091146 0.168519 0.081250 0.077778
2 0.091146 0.250926 0.081250 0.077778
2 0.091146 0.329630 0.081250 0.077778
2 0.091146 0.407407 0.081250 0.077778
2 0.087500 0.757407 0.094792 0.077778
2 0.087500 0.840741 0.094792 0.077778
2 0.087500 0.922222 0.094792 0.077778
2 0.293229 0.919444 0.094792 0.077778
2 0.295312 0.837037 0.094792 0.077778
2 0.295833 0.755556 0.094792 0.077778
2 0.297396 0.410185 0.090625 0.072222
2 0.296875 0.331481 0.090625 0.072222
2 0.298958 0.251852 0.090625 0.072222
2 0.297396 0.174074 0.090625 0.072222
2 0.388542 0.174074 0.090625 0.072222
2 0.389062 0.251852 0.090625 0.072222
2 0.388542 0.329630 0.090625 0.072222
2 0.387500 0.410185 0.090625 0.072222
2 0.395573 0.759259 0.098437 0.072222
2 0.395573 0.841667 0.098437 0.072222
2 0.395573 0.919444 0.098437 0.072222
2 0.596615 0.919444 0.098437 0.072222
2 0.597135 0.838889 0.098437 0.072222
2 0.598177 0.761111 0.098437 0.072222
2 0.598437 0.413889 0.090625 0.072222
2 0.599479 0.333333 0.090625 0.072222
2 0.596875 0.254630 0.090625 0.072222
2 0.597396 0.175000 0.090625 0.072222
2 0.688542 0.175000 0.090625 0.072222
2 0.690104 0.251852 0.090625 0.072222
2 0.689583 0.335185 0.090625 0.072222
2 0.691667 0.410185 0.090625 0.072222
2 0.894792 0.177778 0.090625 0.072222
2 0.893229 0.258333 0.090625 0.072222
2 0.894271 0.333333 0.090625 0.072222
2 0.896875 0.408333 0.090625 0.072222
2 0.698698 0.761111 0.098437 0.072222
2 0.699740 0.838889 0.098437 0.072222
2 0.698698 0.919444 0.098437 0.072222
2 0.895573 0.918519 0.098437 0.072222
2 0.895573 0.836111 0.098437 0.072222
2 0.894010 0.756481 0.098437 0.072222
2 0.969792 0.178241 0.060417 0.067593
2 0.969792 0.255093 0.060417 0.067593
2 0.969792 0.332870 0.060417 0.067593
2 0.969792 0.408796 0.060417 0.067593
2 0.975000 0.758796 0.050000 0.067593
2 0.975000 0.838426 0.050000 0.067593
2 0.975000 0.917130 0.050000 0.067593
