2 0.049479 0.290741 0.067708 0.059259
2 0.047917 0.352778 0.067708 0.059259
2 0.047917 0.416667 0.067708 0.059259
2 0.047917 0.480556 0.067708 0.059259
2 0.210938 0.482407 0.067708 0.059259
2 0.210938 0.417593 0.067708 0.059259
2 0.211458 0.354630 0.067708 0.059259
2 0.210938 0.287963 0.067708 0.059259
2 0.280208 0.288889 0.067708 0.059259
2 0.280208 0.355556 0.067708 0.059259
2 0.280208 0.420370 0.067708 0.059259
2 0.279687 0.482407 0.067708 0.059259
2 0.450521 0.290741 0.067708 0.059259
2 0.451042 0.354630 0.067708 0.059259
2 0.453646 0.421296 0.067708 0.059259
2 0.452604 0.481481 0.067708 0.059259
2 0.522917 0.483333 0.067708 0.059259
2 0.521354 0.420370 0.067708 0.059259
2 0.520833 0.355556 0.067708 0.059259
2 0.520833 0.291667 0.067708 0.059259
2 0.692708 0.289815 0.067708 0.059259
2 0.691667 0.355556 0.067708 0.059259
2 0.691146 0.416667 0.067708 0.059259
2 0.692187 0.477778 0.067708 0.059259
2 0.761979 0.476852 0.067708 0.059259
2 0.760938 0.419444 0.067708 0.059259
2 0.759375 0.353704 0.067708 0.059259
2 0.932292 0.290741 0.067708 0.059259
2 0.758854 0.288889 0.067708 0.059259
2 0.932813 0.355556 0.067708 0.059259
2 0.931771 0.420370 0.067708 0.059259
2 0.933333 0.483333 0.067708 0.059259
1 0.047396 0.127778 0.067708 0.059259
1 0.047396 0.226852 0.067708 0.059259
1 0.210938 0.226852 0.067708 0.059259
1 0.211458 0.130556 0.067708 0.059259
1 0.281250 0.130556 0.067708 0.059259
1 0.281250 0.226852 0.067708 0.059259
1 0.451042 0.227778 0.067708 0.059259
1 0.452604 0.132407 0.067708 0.059259
1 0.519792 0.132407 0.067708 0.059259
1 0.521354 0.227778 0.067708 0.059259
1 0.690625 0.130556 0.067708 0.059259
1 0.691146 0.229630 0.067708 0.059259
1 0.760417 0.228704 0.067708 0.059259
1 0.760417 0.132407 0.067708 0.059259
1 0.931771 0.131481 0.067708 0.059259
1 0.931771 0.229630 0.067708 0.059259
2 0.051302 0.755556 0.078646 0.061111
2 0.051302 0.819444 0.078646 0.061111
2 0.051823 0.881481 0.078646 0.061111
2 0.210677 0.881481 0.078646 0.061111
2 0.212240 0.819444 0.078646 0.061111
2 0.209115 0.753704 0.078646 0.061111
2 0.289844 0.753704 0.078646 0.061111
2 0.291406 0.820370 0.078646 0.061111
2 0.291406 0.883333 0.078646 0.061111
2 0.449219 0.880556 0.078646 0.061111
2 0.449740 0.819444 0.078646 0.061111
2 0.448698 0.761111 0.078646 0.061111
2 0.529427 0.760185 0.078646 0.061111
2 0.529948 0.818519 0.078646 0.061111
2 0.529427 0.883333 0.078646 0.061111
2 0.684115 0.884259 0.078646 0.061111
2 0.683594 0.818519 0.078646 0.061111
2 0.683594 0.754630 0.078646 0.061111
2 0.766406 0.756481 0.078646 0.061111
2 0.763802 0.817593 0.078646 0.061111
2 0.764323 0.884259 0.078646 0.061111
2 0.922135 0.884259 0.078646 0.061111
2 0.924219 0.819444 0.078646 0.061111
2 0.922135 0.759259 0.078646 0.061111
0 0.048177 0.285185 0.073438 0.050000
0 0.045312 0.354167 0.072917 0.058333
0 0.043750 0.415278 0.067708 0.058333
0 0.049219 0.479167 0.067187 0.049074
0 0.047135 0.882407 0.066146 0.061111
0 0.216406 0.880556 0.059896 0.057407
0 0.217969 0.818056 0.064062 0.062037
0 0.213281 0.756019 0.065104 0.060185
0 0.158854 0.603241 0.067708 0.054630
0 0.209115 0.487037 0.060937 0.062963
0 0.214062 0.353704 0.063542 0.051852
0 0.209896 0.286574 0.062500 0.050926
0 0.280469 0.282870 0.067187 0.054630
0 0.280990 0.351389 0.065104 0.054630
0 0.275781 0.414815 0.061979 0.050000
0 0.275260 0.483333 0.068229 0.061111
0 0.312500 0.758333 0.081250 0.055556
0 0.286458 0.825000 0.062500 0.064815
0 0.287240 0.890278 0.059896 0.060185
0 0.458854 0.824074 0.056250 0.053704
0 0.457552 0.759259 0.057813 0.057407
0 0.451823 0.478241 0.068229 0.054630
0 0.456250 0.424537 0.060417 0.058333
0 0.455729 0.361574 0.059375 0.058333
0 0.447917 0.291667 0.055208 0.055556
0 0.517969 0.287500 0.061979 0.047222
0 0.522396 0.353241 0.066667 0.054630
0 0.523438 0.414352 0.067708 0.052778
0 0.520833 0.484259 0.060417 0.057407
0 0.536979 0.641667 0.059375 0.066667
0 0.532813 0.824537 0.062500 0.058333
0 0.525781 0.889352 0.065104 0.065741
0 0.691406 0.875463 0.059896 0.054630
0 0.697917 0.818056 0.059375 0.052778
0 0.697396 0.755093 0.056250 0.052778
0 0.696875 0.476852 0.061458 0.053704
0 0.690625 0.417593 0.066667 0.055556
0 0.694792 0.293981 0.066667 0.058333
0 0.763021 0.286111 0.065625 0.055556
0 0.756510 0.346296 0.061979 0.051852
0 0.759635 0.416204 0.063021 0.054630
0 0.766927 0.476852 0.063021 0.053704
0 0.772917 0.759722 0.067708 0.062037
0 0.770833 0.892130 0.062500 0.062037
0 0.913802 0.885648 0.061979 0.065741
0 0.930469 0.818981 0.069271 0.063889
0 0.932552 0.484722 0.060937 0.058333
0 0.932292 0.417130 0.067708 0.056481
0 0.936458 0.354630 0.068750 0.059259
0 0.946094 0.288426 0.066146 0.063889
