1 0.051302 0.208333 0.048438 0.044444
1 0.050260 0.276852 0.048438 0.044444
1 0.169010 0.211111 0.048438 0.044444
1 0.169531 0.279630 0.048438 0.044444
1 0.218490 0.211111 0.048438 0.044444
1 0.217969 0.278704 0.048438 0.044444
1 0.340885 0.214815 0.048438 0.044444
1 0.340885 0.282407 0.048438 0.044444
1 0.390365 0.282407 0.048438 0.044444
1 0.389844 0.212963 0.048438 0.044444
1 0.513802 0.214815 0.048438 0.044444
1 0.561198 0.214815 0.048438 0.044444
1 0.512760 0.284259 0.048438 0.044444
1 0.561198 0.286111 0.048438 0.044444
1 0.684115 0.286111 0.048438 0.044444
1 0.683594 0.217593 0.048438 0.044444
1 0.733594 0.219444 0.048438 0.044444
1 0.733073 0.286111 0.048438 0.044444
1 0.854427 0.220370 0.048438 0.044444
1 0.852865 0.288889 0.048438 0.044444
1 0.902344 0.221296 0.048438 0.044444
1 0.901302 0.288889 0.048438 0.044444
2 0.050781 0.323148 0.048438 0.044444
2 0.050260 0.368519 0.048438 0.044444
2 0.050781 0.416667 0.048438 0.044444
2 0.051823 0.461111 0.048438 0.044444
2 0.167969 0.462037 0.048438 0.044444
2 0.169531 0.415741 0.048438 0.044444
2 0.167969 0.370370 0.048438 0.044444
2 0.169531 0.325000 0.048438 0.044444
2 0.217448 0.325926 0.048438 0.044444
2 0.216927 0.371296 0.048438 0.044444
2 0.216927 0.415741 0.048438 0.044444
2 0.217448 0.461111 0.048438 0.044444
2 0.340885 0.463889 0.048438 0.044444
2 0.341927 0.420370 0.048438 0.044444
2 0.341406 0.375000 0.048438 0.044444
2 0.341406 0.327778 0.048438 0.044444
2 0.389844 0.329630 0.048438 0.044444
2 0.390365 0.374074 0.048438 0.044444
2 0.390885 0.420370 0.048438 0.044444
2 0.389844 0.464815 0.048438 0.044444
2 0.511719 0.330556 0.048438 0.044444
2 0.511719 0.375000 0.048438 0.044444
2 0.512240 0.419444 0.048438 0.044444
2 0.512240 0.467593 0.048438 0.044444
2 0.561198 0.329630 0.048438 0.044444
2 0.560156 0.374074 0.048438 0.044444
2 0.561198 0.420370 0.048438 0.044444
2 0.561198 0.466667 0.048438 0.044444
2 0.682552 0.467593 0.048438 0.044444
2 0.683073 0.422222 0.048438 0.044444
2 0.683073 0.375926 0.048438 0.044444
2 0.684635 0.329630 0.048438 0.044444
2 0.732552 0.331481 0.048438 0.044444
2 0.732552 0.377778 0.048438 0.044444
2 0.732552 0.423148 0.048438 0.044444
2 0.732031 0.468519 0.048438 0.044444
2 0.852865 0.334259 0.048438 0.044444
2 0.901302 0.333333 0.048438 0.044444
2 0.902865 0.378704 0.048438 0.044444
2 0.853906 0.379630 0.048438 0.044444
2 0.853906 0.425000 0.048438 0.044444
2 0.902344 0.425926 0.048438 0.044444
2 0.854427 0.470370 0.048438 0.044444
2 0.900781 0.470370 0.048438 0.044444
2 0.050781 0.658333 0.052604 0.042593
2 0.049740 0.701852 0.052604 0.042593
2 0.049219 0.746296 0.052604 0.042593
2 0.167448 0.747222 0.052604 0.042593
2 0.169531 0.703704 0.052604 0.042593
2 0.169531 0.661111 0.052604 0.042593
2 0.222135 0.661111 0.052604 0.042593
2 0.222135 0.702778 0.052604 0.042593
2 0.221615 0.747222 0.052604 0.042593
2 0.339323 0.750000 0.052604 0.042593
2 0.339844 0.703704 0.052604 0.042593
2 0.339844 0.662963 0.052604 0.042593
2 0.393490 0.662963 0.052604 0.042593
2 0.394010 0.703704 0.052604 0.042593
2 0.393490 0.747222 0.052604 0.042593
2 0.507031 0.750926 0.052604 0.042593
2 0.507552 0.707407 0.052604 0.042593
2 0.507552 0.663889 0.052604 0.042593
2 0.561198 0.663889 0.052604 0.042593
2 0.561198 0.706481 0.052604 0.042593
2 0.561719 0.750926 0.052604 0.042593
2 0.677865 0.755556 0.052604 0.042593
2 0.678385 0.710185 0.052604 0.042593
2 0.678385 0.662037 0.052604 0.042593
2 0.732031 0.664815 0.052604 0.042593
2 0.733073 0.709259 0.052604 0.042593
2 0.733073 0.755556 0.052604 0.042593
2 0.848698 0.757407 0.052604 0.042593
2 0.849740 0.711111 0.052604 0.042593
2 0.849219 0.667593 0.052604 0.042593
2 0.902344 0.666667 0.052604 0.042593
2 0.902344 0.710185 0.052604 0.042593
2 0.902344 0.754630 0.052604 0.042593
0 0.050521 0.319907 0.048958 0.037963
0 0.048438 0.368981 0.048958 0.037963
0 0.049740 0.414815 0.048438 0.042593
0 0.051042 0.461574 0.045833 0.043519
0 0.109375 0.660185 0.041667 0.081481
0 0.048438 0.747222 0.047917 0.046296
0 0.170313 0.746759 0.044792 0.037963
0 0.220312 0.753704 0.041667 0.042593
0 0.170833 0.705093 0.046875 0.036111
0 0.168490 0.661111 0.048438 0.040741
0 0.164583 0.465278 0.045833 0.041667
0 0.169531 0.373148 0.045312 0.048148
0 0.169271 0.320370 0.048958 0.046296
0 0.218750 0.320833 0.046875 0.045370
0 0.217188 0.370833 0.048958 0.045370
0 0.214323 0.416204 0.045312 0.045370
0 0.213021 0.462963 0.045833 0.046296
0 0.239844 0.662037 0.065104 0.046296
0 0.220833 0.706481 0.047917 0.042593
0 0.343229 0.708796 0.046875 0.043519
0 0.342708 0.662500 0.045833 0.043519
0 0.338281 0.464815 0.049479 0.040741
0 0.343229 0.422222 0.046875 0.044444
0 0.341667 0.377778 0.043750 0.038889
0 0.335156 0.327315 0.043229 0.041667
0 0.388021 0.326852 0.044792 0.040741
0 0.390885 0.372685 0.045312 0.043519
0 0.390365 0.417593 0.046354 0.038889
0 0.388802 0.466204 0.045312 0.041667
0 0.395833 0.707870 0.043750 0.036111
0 0.391406 0.754167 0.049479 0.036111
0 0.512240 0.750926 0.042188 0.046296
0 0.515365 0.705556 0.042188 0.038889
0 0.514583 0.659722 0.038542 0.034259
0 0.513542 0.460648 0.045833 0.039815
0 0.510677 0.418981 0.045312 0.043519
0 0.507812 0.374537 0.043750 0.045370
0 0.512240 0.329630 0.046354 0.046296
0 0.561458 0.323148 0.047917 0.042593
0 0.554688 0.369444 0.041667 0.042593
0 0.558594 0.419444 0.042188 0.042593
0 0.563021 0.465741 0.045833 0.040741
0 0.566667 0.660648 0.046875 0.043519
0 0.565625 0.755093 0.042708 0.039815
0 0.666927 0.756944 0.045312 0.043519
0 0.678906 0.708796 0.050521 0.043519
0 0.683073 0.470370 0.045312 0.040741
0 0.679688 0.420833 0.044792 0.045370
0 0.684375 0.376852 0.042708 0.040741
0 0.689844 0.332407 0.041146 0.046296
0 0.734375 0.332870 0.044792 0.041667
0 0.734115 0.376389 0.044271 0.045370
0 0.854167 0.332870 0.050000 0.041667
0 0.852083 0.380093 0.051042 0.045370
0 0.854688 0.426852 0.051042 0.046296
0 0.851562 0.472685 0.044792 0.036111
0 0.906250 0.379630 0.052083 0.044444
0 0.903385 0.425000 0.046354 0.040741
0 0.982552 0.170370 0.028646 0.074074
0 0.852865 0.663889 0.046354 0.040741
0 0.852604 0.713426 0.044792 0.039815
0 0.740625 0.711111 0.044792 0.040741
0 0.730469 0.758796 0.047396 0.045370
0 0.910156 0.662963 0.051562 0.035185
0 0.907292 0.710185 0.043750 0.042593
0 0.906771 0.754167 0.050000 0.041667
