16 0.043229 0.270370 0.035417 0.125926
16 0.081250 0.270370 0.035417 0.125926
16 0.118229 0.269444 0.035417 0.125926
16 0.156250 0.268519 0.035417 0.125926
16 0.194271 0.270370 0.035417 0.125926
16 0.232813 0.269444 0.035417 0.125926
16 0.270313 0.271296 0.035417 0.125926
16 0.308333 0.269444 0.035417 0.125926
16 0.346354 0.270370 0.035417 0.125926
16 0.383854 0.267593 0.035417 0.125926
16 0.421875 0.267593 0.035417 0.125926
16 0.459896 0.269444 0.035417 0.125926
16 0.497917 0.270370 0.035417 0.125926
16 0.535937 0.269444 0.035417 0.125926
16 0.573958 0.270370 0.035417 0.125926
16 0.611979 0.269444 0.035417 0.125926
16 0.650000 0.269444 0.035417 0.125926
16 0.687500 0.267593 0.035417 0.125926
16 0.726042 0.268519 0.035417 0.125926
16 0.764062 0.268519 0.035417 0.125926
16 0.801042 0.266667 0.035417 0.125926
16 0.840104 0.267593 0.035417 0.125926
16 0.877604 0.268519 0.035417 0.125926
16 0.914583 0.270370 0.035417 0.125926
16 0.953646 0.269444 0.035417 0.125926
16 0.953646 0.400000 0.035417 0.125926
16 0.915104 0.398148 0.035417 0.125926
16 0.877604 0.398148 0.035417 0.125926
16 0.840104 0.399074 0.035417 0.125926
16 0.801562 0.398148 0.035417 0.125926
16 0.764062 0.399074 0.035417 0.125926
16 0.726562 0.398148 0.035417 0.125926
16 0.689063 0.397222 0.035417 0.125926
16 0.650000 0.398148 0.035417 0.125926
16 0.612500 0.396296 0.035417 0.125926
16 0.573958 0.400000 0.035417 0.125926
16 0.536458 0.400000 0.035417 0.125926
16 0.499479 0.398148 0.035417 0.125926
16 0.460417 0.399074 0.035417 0.125926
16 0.422917 0.399074 0.035417 0.125926
16 0.384375 0.399074 0.035417 0.125926
16 0.346875 0.399074 0.035417 0.125926
16 0.308333 0.398148 0.035417 0.125926
16 0.270833 0.396296 0.035417 0.125926
16 0.233333 0.398148 0.035417 0.125926
16 0.195312 0.399074 0.035417 0.125926
16 0.157292 0.397222 0.035417 0.125926
16 0.118750 0.399074 0.035417 0.125926
16 0.081250 0.397222 0.035417 0.125926
16 0.043229 0.399074 0.035417 0.125926
16 0.083854 0.702778 0.035417 0.125926
16 0.121354 0.701852 0.035417 0.125926
16 0.159896 0.702778 0.035417 0.125926
16 0.197917 0.703704 0.035417 0.125926
16 0.235417 0.703704 0.035417 0.125926
16 0.272917 0.702778 0.035417 0.125926
16 0.309896 0.700000 0.035417 0.125926
16 0.347917 0.700926 0.035417 0.125926
16 0.385937 0.702778 0.035417 0.125926
16 0.423438 0.701852 0.035417 0.125926
16 0.461979 0.701852 0.035417 0.125926
16 0.500000 0.702778 0.035417 0.125926
16 0.536979 0.700000 0.035417 0.125926
16 0.576042 0.701852 0.035417 0.125926
16 0.613542 0.701852 0.035417 0.125926
16 0.650521 0.703704 0.035417 0.125926
16 0.688542 0.703704 0.035417 0.125926
16 0.725521 0.703704 0.035417 0.125926
16 0.764583 0.702778 0.035417 0.125926
16 0.801042 0.703704 0.035417 0.125926
16 0.840625 0.701852 0.035417 0.125926
16 0.876042 0.700926 0.035417 0.125926
16 0.914062 0.702778 0.035417 0.125926
16 0.953125 0.701852 0.035417 0.125926
16 0.914062 0.829630 0.035417 0.125926
16 0.878125 0.831481 0.035417 0.125926
16 0.839583 0.831481 0.035417 0.125926
16 0.801042 0.833333 0.035417 0.125926
16 0.764062 0.832407 0.035417 0.125926
16 0.726042 0.830556 0.035417 0.125926
16 0.688542 0.832407 0.035417 0.125926
16 0.651042 0.832407 0.035417 0.125926
16 0.613542 0.832407 0.035417 0.125926
16 0.574479 0.830556 0.035417 0.125926
16 0.536979 0.830556 0.035417 0.125926
16 0.500000 0.831481 0.035417 0.125926
16 0.463021 0.832407 0.035417 0.125926
16 0.423438 0.830556 0.035417 0.125926
16 0.385937 0.833333 0.035417 0.125926
16 0.348438 0.831481 0.035417 0.125926
16 0.310937 0.833333 0.035417 0.125926
16 0.272917 0.831481 0.035417 0.125926
16 0.235937 0.829630 0.035417 0.125926
16 0.198437 0.830556 0.035417 0.125926
16 0.158854 0.829630 0.035417 0.125926
4 0.768750 0.261111 0.032292 0.111111
4 0.845573 0.259722 0.032813 0.123148
4 0.919792 0.260648 0.034375 0.110185
4 0.960156 0.406481 0.036979 0.129630
4 0.880729 0.387500 0.037500 0.123148
4 0.692969 0.397685 0.032813 0.137963
4 0.844531 0.710648 0.038021 0.117593
4 0.922135 0.706019 0.039062 0.126852
4 0.959896 0.712037 0.037500 0.125926
4 0.884896 0.828241 0.035417 0.125000
4 0.806771 0.836111 0.032292 0.114815
4 0.729427 0.831481 0.027604 0.116667
4 0.688802 0.835185 0.028646 0.124074
4 0.656510 0.832870 0.032813 0.112037
4 0.616667 0.846296 0.032292 0.120370
4 0.575781 0.850000 0.033854 0.131481
4 0.540625 0.853241 0.030208 0.128704
4 0.462760 0.839352 0.030729 0.130556
4 0.421615 0.848148 0.030729 0.131481
