2 0.094271 0.144444 0.025000 0.085185
2 0.120313 0.144444 0.025000 0.085185
2 0.146875 0.145370 0.025000 0.085185
2 0.172917 0.145370 0.025000 0.085185
2 0.198958 0.146296 0.025000 0.085185
2 0.225521 0.147222 0.025000 0.085185
2 0.251042 0.150000 0.025000 0.085185
2 0.278125 0.150000 0.025000 0.085185
2 0.304688 0.150926 0.025000 0.085185
2 0.330729 0.150926 0.025000 0.085185
2 0.357292 0.150926 0.025000 0.085185
2 0.384375 0.151852 0.025000 0.085185
2 0.408854 0.150926 0.025000 0.085185
2 0.437500 0.150926 0.025000 0.085185
2 0.729688 0.150926 0.025000 0.085185
2 0.678125 0.147222 0.025000 0.085185
2 0.703125 0.148148 0.025000 0.085185
2 0.756250 0.150926 0.025000 0.085185
2 0.783333 0.151852 0.025000 0.085185
2 0.809375 0.150000 0.025000 0.085185
2 0.835938 0.150926 0.025000 0.085185
2 0.863021 0.152778 0.025000 0.085185
2 0.758333 0.359259 0.025000 0.085185
2 0.732292 0.358333 0.025000 0.085185
2 0.707812 0.357407 0.025000 0.085185
2 0.679688 0.359259 0.025000 0.085185
2 0.652604 0.357407 0.025000 0.085185
2 0.626563 0.356481 0.025000 0.085185
2 0.599479 0.355556 0.025000 0.085185
2 0.573438 0.353704 0.025000 0.085185
2 0.493229 0.352778 0.025000 0.085185
2 0.546354 0.353704 0.025000 0.085185
2 0.519271 0.350926 0.025000 0.085185
2 0.467708 0.353704 0.025000 0.085185
2 0.441146 0.353704 0.025000 0.085185
2 0.415625 0.354630 0.025000 0.085185
2 0.389062 0.354630 0.025000 0.085185
2 0.362500 0.355556 0.025000 0.085185
2 0.335417 0.356481 0.025000 0.085185
2 0.308854 0.357407 0.025000 0.085185
2 0.282813 0.357407 0.025000 0.085185
2 0.255729 0.355556 0.025000 0.085185
2 0.229687 0.354630 0.025000 0.085185
2 0.203125 0.353704 0.025000 0.085185
2 0.177083 0.351852 0.025000 0.085185
2 0.150521 0.350926 0.025000 0.085185
2 0.124479 0.350000 0.025000 0.085185
2 0.122917 0.438889 0.025000 0.085185
2 0.150521 0.437963 0.025000 0.085185
2 0.176563 0.440741 0.025000 0.085185
2 0.203125 0.440741 0.025000 0.085185
2 0.229167 0.441667 0.025000 0.085185
2 0.256250 0.444444 0.025000 0.085185
2 0.281771 0.442593 0.025000 0.085185
2 0.307812 0.442593 0.025000 0.085185
2 0.334375 0.442593 0.025000 0.085185
2 0.361458 0.443519 0.025000 0.085185
2 0.388021 0.442593 0.025000 0.085185
2 0.415104 0.442593 0.025000 0.085185
2 0.440625 0.443519 0.025000 0.085185
2 0.467187 0.442593 0.025000 0.085185
2 0.492708 0.445370 0.025000 0.085185
2 0.519792 0.443519 0.025000 0.085185
2 0.546354 0.443519 0.025000 0.085185
2 0.573958 0.444444 0.025000 0.085185
2 0.599479 0.443519 0.025000 0.085185
2 0.626042 0.446296 0.025000 0.085185
2 0.652604 0.446296 0.025000 0.085185
2 0.679688 0.446296 0.025000 0.085185
2 0.705729 0.444444 0.025000 0.085185
2 0.732292 0.445370 0.025000 0.085185
2 0.758333 0.445370 0.025000 0.085185
2 0.150000 0.653704 0.025000 0.085185
2 0.177083 0.654630 0.025000 0.085185
2 0.203125 0.654630 0.025000 0.085185
2 0.229687 0.652778 0.025000 0.085185
2 0.255729 0.655556 0.025000 0.085185
2 0.282292 0.657407 0.025000 0.085185
2 0.308333 0.657407 0.025000 0.085185
2 0.334375 0.658333 0.025000 0.085185
2 0.359896 0.658333 0.025000 0.085185
2 0.386979 0.658333 0.025000 0.085185
2 0.414583 0.659259 0.025000 0.085185
2 0.440104 0.658333 0.025000 0.085185
2 0.466667 0.660185 0.025000 0.085185
2 0.492188 0.659259 0.025000 0.085185
2 0.518750 0.660185 0.025000 0.085185
2 0.545312 0.658333 0.025000 0.085185
2 0.571354 0.658333 0.025000 0.085185
2 0.598437 0.658333 0.025000 0.085185
2 0.624479 0.659259 0.025000 0.085185
2 0.652604 0.659259 0.025000 0.085185
2 0.679167 0.659259 0.025000 0.085185
2 0.705208 0.658333 0.025000 0.085185
2 0.731250 0.660185 0.025000 0.085185
2 0.758333 0.661111 0.025000 0.085185
2 0.784375 0.662037 0.025000 0.085185
2 0.783333 0.660185 0.025000 0.085185
2 0.203125 0.741667 0.025000 0.085185
2 0.230208 0.742593 0.025000 0.085185
2 0.256250 0.741667 0.025000 0.085185
2 0.281771 0.742593 0.025000 0.085185
2 0.308854 0.744444 0.025000 0.085185
2 0.334375 0.744444 0.025000 0.085185
2 0.360417 0.744444 0.025000 0.085185
2 0.386979 0.745370 0.025000 0.085185
2 0.414583 0.747222 0.025000 0.085185
2 0.441146 0.747222 0.025000 0.085185
2 0.466667 0.748148 0.025000 0.085185
2 0.492708 0.747222 0.025000 0.085185
2 0.519271 0.746296 0.025000 0.085185
2 0.545833 0.747222 0.025000 0.085185
2 0.572396 0.747222 0.025000 0.085185
2 0.598437 0.747222 0.025000 0.085185
2 0.625000 0.746296 0.025000 0.085185
2 0.651563 0.746296 0.025000 0.085185
2 0.678646 0.747222 0.025000 0.085185
2 0.704688 0.747222 0.025000 0.085185
2 0.732292 0.746296 0.025000 0.085185
2 0.256250 0.938889 0.025000 0.085185
2 0.281250 0.938889 0.025000 0.085185
2 0.308333 0.938889 0.025000 0.085185
2 0.333854 0.939815 0.025000 0.085185
2 0.360938 0.939815 0.025000 0.085185
2 0.386979 0.938889 0.025000 0.085185
2 0.413542 0.938889 0.025000 0.085185
2 0.440104 0.942593 0.025000 0.085185
2 0.466146 0.944444 0.025000 0.085185
2 0.492708 0.944444 0.025000 0.085185
2 0.519792 0.944444 0.025000 0.085185
2 0.545833 0.944444 0.025000 0.085185
2 0.572396 0.945370 0.025000 0.085185
2 0.598958 0.943519 0.025000 0.085185
2 0.625521 0.942593 0.025000 0.085185
2 0.838281 0.901852 0.050521 0.088889
2 0.855469 0.869444 0.050521 0.088889
2 0.873698 0.838889 0.050521 0.088889
2 0.890365 0.806481 0.050521 0.088889
2 0.930469 0.870370 0.050521 0.088889
2 0.911198 0.900000 0.050521 0.088889
2 0.892448 0.933333 0.050521 0.088889
2 0.873958 0.959259 0.054167 0.081481
1 0.821354 0.935648 0.052083 0.089815
1 0.788542 0.972222 0.036458 0.055556
2 0.965365 0.668519 0.050521 0.088889
2 0.980208 0.638426 0.039583 0.095370
0 0.628125 0.354630 0.022917 0.085185
0 0.681250 0.354630 0.025000 0.087037
0 0.734375 0.350926 0.026042 0.077778
0 0.762240 0.451852 0.021354 0.087037
0 0.706771 0.441667 0.022917 0.092593
0 0.576042 0.445833 0.025000 0.093519
0 0.385156 0.756944 0.025521 0.089815
0 0.413542 0.747685 0.021875 0.099074
0 0.466667 0.762500 0.022917 0.089815
0 0.492448 0.760185 0.023438 0.094444
0 0.520312 0.760185 0.025000 0.094444
0 0.546354 0.749537 0.025000 0.087963
0 0.572135 0.752778 0.021354 0.081481
0 0.600781 0.750463 0.019271 0.080556
0 0.653646 0.755093 0.020833 0.093519
0 0.710156 0.750926 0.022396 0.085185
0 0.252865 0.948148 0.022396 0.087037
0 0.359635 0.950000 0.022396 0.085185
0 0.680990 0.668519 0.021354 0.079630
0 0.735677 0.666667 0.020313 0.083333
0 0.761458 0.668981 0.022917 0.086111
0 0.416406 0.960185 0.020313 0.079630
0 0.438802 0.949537 0.021354 0.084259
0 0.465104 0.956019 0.021875 0.087963
0 0.494531 0.949074 0.020313 0.083333
0 0.518490 0.950926 0.023438 0.088889
0 0.573177 0.953704 0.024479 0.092593
0 0.601302 0.948611 0.023438 0.102778
0 0.627865 0.943519 0.022396 0.088889
0 0.723698 0.934259 0.036979 0.068519
0 0.877083 0.967130 0.042708 0.065741
0 0.897135 0.943519 0.042188 0.079630
0 0.915365 0.903241 0.042188 0.073148
0 0.934115 0.874537 0.040104 0.065741
0 0.877083 0.846296 0.037500 0.064815
0 0.859115 0.877315 0.041146 0.069444
0 0.964844 0.663889 0.047396 0.077778
0 0.982552 0.632407 0.034896 0.066667
