0 0.046875 0.286111 0.072917 0.050000
0 0.046354 0.351389 0.072917 0.050926
0 0.045833 0.419444 0.068750 0.053704
0 0.050260 0.478704 0.059896 0.050000
0 0.047656 0.881481 0.065104 0.061111
0 0.217188 0.877315 0.060417 0.052778
0 0.219271 0.815741 0.061458 0.053704
0 0.214323 0.753704 0.064062 0.055556
0 0.208854 0.484722 0.060417 0.052778
0 0.216146 0.352778 0.064583 0.055556
0 0.210417 0.282407 0.067708 0.057407
0 0.278646 0.278704 0.067708 0.053704
0 0.282031 0.348611 0.065104 0.054630
0 0.277083 0.415278 0.062500 0.052778
0 0.275781 0.481019 0.065104 0.056481
0 0.379688 0.660185 0.061458 0.051852
0 0.468490 0.589352 0.063021 0.054630
0 0.315104 0.757407 0.081250 0.062963
0 0.288281 0.821296 0.066146 0.068519
0 0.288281 0.887037 0.060937 0.061111
0 0.459375 0.821296 0.060417 0.068519
0 0.460417 0.757870 0.063542 0.058333
0 0.534635 0.821759 0.060937 0.058333
0 0.526823 0.885648 0.066146 0.054630
0 0.451302 0.477315 0.065104 0.052778
0 0.458073 0.420833 0.063021 0.056481
0 0.455469 0.361574 0.063021 0.058333
0 0.447135 0.289815 0.056771 0.053704
0 0.519271 0.290741 0.060417 0.061111
0 0.526563 0.347222 0.069792 0.057407
0 0.527344 0.417130 0.067187 0.058333
0 0.525521 0.481944 0.063542 0.058333
0 0.693229 0.875926 0.061458 0.057407
0 0.698698 0.820833 0.058854 0.060185
0 0.699219 0.751389 0.057813 0.054630
0 0.697656 0.475000 0.065104 0.057407
0 0.690625 0.414815 0.066667 0.062963
0 0.694531 0.292130 0.063021 0.054630
0 0.763802 0.281481 0.066146 0.059259
0 0.756771 0.343056 0.061458 0.049074
0 0.762500 0.412037 0.062500 0.055556
0 0.767188 0.477315 0.062500 0.056481
0 0.773958 0.757407 0.064583 0.062963
0 0.772656 0.884722 0.058854 0.065741
0 0.914583 0.883796 0.068750 0.063889
0 0.929688 0.812963 0.064583 0.057407
0 0.934115 0.481944 0.061979 0.052778
0 0.945833 0.286111 0.066667 0.055556
0 0.938281 0.350000 0.070312 0.057407
0 0.932292 0.412500 0.070833 0.063889
1 0.047917 0.126852 0.070833 0.064815
1 0.211458 0.127778 0.070833 0.064815
1 0.283333 0.127778 0.070833 0.064815
1 0.452083 0.127778 0.070833 0.064815
1 0.049479 0.225926 0.070833 0.064815
1 0.210938 0.225926 0.070833 0.064815
1 0.282813 0.226852 0.070833 0.064815
1 0.451562 0.227778 0.070833 0.064815
1 0.521875 0.226852 0.070833 0.064815
1 0.522396 0.126852 0.070833 0.064815
1 0.691667 0.127778 0.070833 0.064815
1 0.763021 0.128704 0.070833 0.064815
1 0.690625 0.225926 0.070833 0.064815
1 0.763542 0.225926 0.070833 0.064815
1 0.931771 0.127778 0.070833 0.064815
1 0.930729 0.226852 0.070833 0.064815
2 0.050521 0.289815 0.070833 0.059259
2 0.051042 0.353704 0.070833 0.059259
2 0.051042 0.417593 0.070833 0.059259
2 0.051042 0.478704 0.070833 0.059259
2 0.211979 0.287963 0.070833 0.059259
2 0.213021 0.354630 0.070833 0.059259
2 0.211979 0.417593 0.070833 0.059259
2 0.211979 0.481481 0.070833 0.059259
2 0.283333 0.287037 0.070833 0.059259
2 0.284896 0.352778 0.070833 0.059259
2 0.282292 0.417593 0.070833 0.059259
2 0.282292 0.481481 0.070833 0.059259
2 0.451562 0.478704 0.070833 0.059259
2 0.452604 0.419444 0.070833 0.059259
2 0.449479 0.356481 0.070833 0.059259
2 0.452083 0.290741 0.070833 0.059259
2 0.523438 0.288889 0.070833 0.059259
2 0.522396 0.353704 0.070833 0.059259
2 0.525000 0.417593 0.070833 0.059259
2 0.523958 0.476852 0.070833 0.059259
2 0.693229 0.287963 0.070833 0.059259
2 0.692708 0.350926 0.070833 0.059259
2 0.691667 0.415741 0.070833 0.059259
2 0.692708 0.474074 0.070833 0.059259
2 0.763021 0.479630 0.070833 0.059259
2 0.763021 0.418519 0.070833 0.059259
2 0.764062 0.353704 0.070833 0.059259
2 0.764583 0.288889 0.070833 0.059259
2 0.934375 0.287037 0.070833 0.059259
2 0.933333 0.351852 0.070833 0.059259
2 0.931771 0.415741 0.070833 0.059259
2 0.930208 0.479630 0.070833 0.059259
2 0.052865 0.755093 0.075521 0.056481
2 0.053906 0.816204 0.075521 0.056481
2 0.053906 0.877315 0.075521 0.056481
2 0.212240 0.756019 0.075521 0.056481
2 0.213281 0.818056 0.075521 0.056481
2 0.214323 0.880093 0.075521 0.056481
2 0.290365 0.755093 0.075521 0.056481
2 0.290885 0.818056 0.075521 0.056481
2 0.290885 0.881944 0.075521 0.056481
2 0.451823 0.880093 0.075521 0.056481
2 0.452865 0.818981 0.075521 0.056481
2 0.452865 0.758796 0.075521 0.056481
2 0.530469 0.757870 0.075521 0.056481
2 0.532552 0.818056 0.075521 0.056481
2 0.532031 0.880093 0.075521 0.056481
2 0.685677 0.880093 0.075521 0.056481
2 0.688802 0.815278 0.075521 0.056481
2 0.686198 0.753241 0.075521 0.056481
2 0.765885 0.756019 0.075521 0.056481
2 0.764844 0.818981 0.075521 0.056481
2 0.765885 0.880093 0.075521 0.056481
2 0.924219 0.876389 0.075521 0.056481
2 0.925260 0.816204 0.075521 0.056481
2 0.925260 0.756019 0.075521 0.056481
