2 0.028646 0.128241 0.055208 0.199074
2 0.090365 0.132870 0.063021 0.206481
2 0.153125 0.130093 0.058333 0.202778
2 0.217188 0.130093 0.062500 0.204630
2 0.280469 0.127778 0.061979 0.198148
2 0.343229 0.125926 0.062500 0.201852
2 0.407552 0.125000 0.061979 0.201852
2 0.470313 0.125926 0.061458 0.203704
2 0.533854 0.126389 0.062500 0.199074
2 0.596875 0.124074 0.061458 0.194444
2 0.660156 0.122685 0.059896 0.197222
2 0.723177 0.120833 0.060937 0.191667
2 0.786979 0.120370 0.061458 0.192593
2 0.850781 0.119907 0.060937 0.189815
2 0.913802 0.121759 0.059896 0.189815
2 0.031510 0.640278 0.059896 0.208333
2 0.095833 0.642130 0.062500 0.210185
2 0.157812 0.640741 0.062500 0.207407
2 0.222135 0.641204 0.064062 0.208333
2 0.285156 0.640278 0.061979 0.213889
2 0.348698 0.639352 0.063021 0.210185
2 0.410677 0.637963 0.063021 0.209259
2 0.474219 0.638889 0.064062 0.211111
2 0.536458 0.637500 0.060417 0.215741
2 0.599479 0.634259 0.060417 0.211111
2 0.662240 0.634259 0.060937 0.211111
2 0.726042 0.634259 0.061458 0.211111
2 0.787760 0.633333 0.057813 0.207407
2 0.848958 0.635648 0.059375 0.208333
2 0.913281 0.630556 0.058854 0.212963
2 0.031771 0.855093 0.060417 0.206481
2 0.096094 0.856481 0.061979 0.201852
2 0.159115 0.855556 0.059896 0.212963
2 0.222917 0.856019 0.061458 0.212037
2 0.285417 0.856481 0.062500 0.212963
2 0.348177 0.856944 0.061979 0.219444
2 0.411458 0.853241 0.059375 0.204630
2 0.474479 0.852315 0.060417 0.204630
2 0.538281 0.852315 0.058854 0.212037
2 0.600781 0.847685 0.060937 0.202778
2 0.663542 0.846759 0.061458 0.204630
2 0.725781 0.846296 0.058854 0.203704
2 0.789062 0.845370 0.060417 0.201852
2 0.850781 0.844444 0.064062 0.203704
0 0.475000 0.125000 0.052083 0.194444
0 0.787760 0.106481 0.051562 0.196296
0 0.925781 0.136111 0.057813 0.200000
0 0.732292 0.650926 0.056250 0.183333
0 0.861198 0.640278 0.056771 0.193519
0 0.926302 0.651852 0.063021 0.185185
0 0.025521 0.891667 0.050000 0.216667
0 0.090104 0.872222 0.061458 0.190741
0 0.216146 0.897222 0.048958 0.203704
0 0.280729 0.884259 0.053125 0.211111
0 0.347656 0.878241 0.049479 0.187963
0 0.411719 0.858333 0.048438 0.179630
0 0.471615 0.861111 0.040104 0.174074
0 0.538542 0.845833 0.042708 0.169444
0 0.670312 0.862037 0.052083 0.177778
0 0.803646 0.852778 0.058333 0.203704
