1 0.051042 0.207407 0.050000 0.044444
1 0.051302 0.280093 0.050521 0.043519
1 0.167969 0.211574 0.047396 0.045370
1 0.168490 0.280093 0.047396 0.045370
1 0.216406 0.281944 0.047396 0.045370
1 0.215885 0.210648 0.047396 0.045370
1 0.339844 0.213426 0.047396 0.045370
1 0.388802 0.213426 0.047396 0.045370
1 0.340885 0.280093 0.047396 0.045370
1 0.388802 0.281019 0.047396 0.045370
1 0.512760 0.214352 0.047396 0.045370
1 0.560156 0.214352 0.047396 0.045370
1 0.513281 0.283796 0.047396 0.045370
1 0.560677 0.283796 0.047396 0.045370
1 0.683594 0.217130 0.047396 0.045370
1 0.732031 0.216204 0.047396 0.045370
1 0.852865 0.220833 0.047396 0.045370
1 0.683073 0.283796 0.047396 0.045370
1 0.731510 0.284722 0.047396 0.045370
1 0.853385 0.287500 0.047396 0.045370
1 0.900781 0.287500 0.047396 0.045370
1 0.901302 0.222685 0.047396 0.045370
2 0.050521 0.323148 0.050000 0.044444
2 0.051042 0.369444 0.050000 0.044444
2 0.051042 0.416667 0.050000 0.044444
2 0.051042 0.460185 0.050000 0.044444
2 0.166667 0.463889 0.050000 0.044444
2 0.168229 0.416667 0.050000 0.044444
2 0.167187 0.369444 0.050000 0.044444
2 0.167708 0.325926 0.050000 0.044444
2 0.217188 0.324074 0.050000 0.044444
2 0.217708 0.373148 0.050000 0.044444
2 0.217188 0.418519 0.050000 0.044444
2 0.218229 0.462963 0.050000 0.044444
2 0.339062 0.464815 0.050000 0.044444
2 0.339583 0.420370 0.050000 0.044444
2 0.339583 0.374074 0.050000 0.044444
2 0.340625 0.326852 0.050000 0.044444
2 0.389583 0.326852 0.050000 0.044444
2 0.390104 0.372222 0.050000 0.044444
2 0.390625 0.419444 0.050000 0.044444
2 0.390104 0.464815 0.050000 0.044444
2 0.508854 0.466667 0.050000 0.044444
2 0.509896 0.422222 0.050000 0.044444
2 0.509896 0.375926 0.050000 0.044444
2 0.511458 0.330556 0.050000 0.044444
2 0.561458 0.330556 0.050000 0.044444
2 0.560937 0.375926 0.050000 0.044444
2 0.560417 0.421296 0.050000 0.044444
2 0.560417 0.467593 0.050000 0.044444
2 0.681250 0.468519 0.050000 0.044444
2 0.681250 0.424074 0.050000 0.044444
2 0.681250 0.378704 0.050000 0.044444
2 0.682292 0.332407 0.050000 0.044444
2 0.732812 0.332407 0.050000 0.044444
2 0.732292 0.377778 0.050000 0.044444
2 0.732812 0.423148 0.050000 0.044444
2 0.732812 0.467593 0.050000 0.044444
2 0.851042 0.468519 0.050000 0.044444
2 0.850521 0.426852 0.050000 0.044444
2 0.851562 0.378704 0.050000 0.044444
2 0.853125 0.335185 0.050000 0.044444
2 0.902083 0.334259 0.050000 0.044444
2 0.902604 0.379630 0.050000 0.044444
2 0.903125 0.425000 0.050000 0.044444
2 0.902604 0.468519 0.050000 0.044444
2 0.048698 0.656481 0.053646 0.042593
2 0.048698 0.702778 0.053646 0.042593
2 0.047656 0.746296 0.053646 0.042593
2 0.165365 0.748148 0.053646 0.042593
2 0.165885 0.705556 0.053646 0.042593
2 0.168490 0.661111 0.053646 0.042593
2 0.221094 0.662037 0.053646 0.042593
2 0.220573 0.702778 0.053646 0.042593
2 0.219531 0.747222 0.053646 0.042593
2 0.337240 0.749074 0.053646 0.042593
2 0.337760 0.707407 0.053646 0.042593
2 0.337760 0.662963 0.053646 0.042593
2 0.392969 0.662963 0.053646 0.042593
2 0.392448 0.705556 0.053646 0.042593
2 0.391927 0.749074 0.053646 0.042593
2 0.507031 0.751852 0.053646 0.042593
2 0.507552 0.706481 0.053646 0.042593
2 0.508073 0.662963 0.053646 0.042593
2 0.561719 0.662963 0.053646 0.042593
2 0.561719 0.707407 0.053646 0.042593
2 0.561719 0.751852 0.053646 0.042593
2 0.677344 0.754630 0.053646 0.042593
2 0.677344 0.707407 0.053646 0.042593
2 0.676823 0.665741 0.053646 0.042593
2 0.731510 0.664815 0.053646 0.042593
2 0.732552 0.709259 0.053646 0.042593
2 0.731510 0.753704 0.053646 0.042593
2 0.848177 0.664815 0.053646 0.042593
2 0.846615 0.750926 0.053646 0.042593
2 0.846615 0.707407 0.053646 0.042593
2 0.901302 0.666667 0.053646 0.042593
2 0.900781 0.708333 0.053646 0.042593
2 0.901302 0.750000 0.053646 0.042593
0 0.048438 0.320833 0.052083 0.036111
0 0.047396 0.366667 0.054167 0.037037
0 0.047396 0.417593 0.048958 0.044444
0 0.049740 0.459722 0.050521 0.041667
0 0.046094 0.746759 0.047396 0.041667
0 0.115885 0.637037 0.046354 0.066667
0 0.169271 0.745833 0.041667 0.036111
0 0.170313 0.701389 0.044792 0.039815
0 0.166927 0.654630 0.050521 0.037037
0 0.164844 0.460648 0.045312 0.039815
0 0.169271 0.368981 0.044792 0.041667
0 0.166667 0.323148 0.046875 0.046296
0 0.216146 0.322222 0.048958 0.042593
0 0.216927 0.371296 0.048438 0.044444
0 0.212760 0.413889 0.047396 0.042593
0 0.208594 0.462037 0.048438 0.040741
0 0.240625 0.663889 0.062500 0.046296
0 0.217448 0.706944 0.049479 0.050926
0 0.216406 0.750463 0.050521 0.045370
0 0.341667 0.662963 0.045833 0.044444
0 0.343750 0.706481 0.043750 0.044444
0 0.336458 0.461111 0.053125 0.042593
0 0.340625 0.421759 0.046875 0.045370
0 0.339583 0.376389 0.044792 0.050926
0 0.336198 0.330093 0.043229 0.041667
0 0.385937 0.330556 0.045833 0.046296
0 0.388802 0.373148 0.049479 0.044444
0 0.388542 0.417593 0.048958 0.038889
0 0.386979 0.462037 0.046875 0.050000
0 0.395052 0.709259 0.048438 0.048148
0 0.390625 0.752778 0.050000 0.042593
0 0.509115 0.750926 0.046354 0.044444
0 0.516146 0.707870 0.043750 0.041667
0 0.513542 0.659259 0.043750 0.042593
0 0.512240 0.462037 0.046354 0.040741
0 0.509115 0.419444 0.049479 0.044444
0 0.506771 0.376389 0.041667 0.041667
0 0.512240 0.330556 0.046354 0.040741
0 0.559115 0.325926 0.047396 0.046296
0 0.554948 0.371759 0.040104 0.041667
0 0.558073 0.418056 0.045312 0.047222
0 0.562500 0.465278 0.048958 0.050926
0 0.565885 0.667130 0.050521 0.045370
0 0.566667 0.756481 0.046875 0.042593
0 0.667448 0.759259 0.044271 0.048148
0 0.678906 0.706944 0.047396 0.049074
0 0.683594 0.467130 0.044271 0.036111
0 0.680469 0.424074 0.050521 0.040741
0 0.682813 0.375463 0.043750 0.043519
0 0.688802 0.329167 0.046354 0.045370
0 0.734635 0.330093 0.045312 0.041667
0 0.733594 0.374537 0.045312 0.047222
0 0.738802 0.709722 0.048438 0.045370
0 0.731771 0.757407 0.048958 0.050000
0 0.851823 0.712500 0.043229 0.045370
0 0.850521 0.665278 0.045833 0.043519
0 0.848698 0.472222 0.046354 0.044444
0 0.854167 0.425000 0.054167 0.050000
0 0.851562 0.377778 0.052083 0.050000
0 0.854167 0.331481 0.050000 0.040741
0 0.905990 0.379630 0.052604 0.046296
0 0.904167 0.425000 0.050000 0.040741
0 0.906510 0.668981 0.043229 0.041667
0 0.908594 0.710185 0.049479 0.042593
0 0.905469 0.756019 0.048438 0.037963
0 0.982812 0.169444 0.028125 0.079630
