1 0.046615 0.195833 0.057813 0.052778
1 0.046094 0.277315 0.057813 0.052778
1 0.185677 0.198611 0.057813 0.052778
1 0.184115 0.278241 0.057813 0.052778
1 0.244010 0.197685 0.057813 0.052778
1 0.244531 0.277315 0.057813 0.052778
1 0.388281 0.197685 0.057813 0.052778
1 0.446615 0.199537 0.057813 0.052778
1 0.387760 0.281019 0.057813 0.052778
1 0.445052 0.281019 0.057813 0.052778
1 0.591406 0.200463 0.057813 0.052778
1 0.590885 0.284722 0.057813 0.052778
1 0.648698 0.201389 0.057813 0.052778
1 0.648177 0.282870 0.057813 0.052778
1 0.792969 0.203241 0.057813 0.052778
1 0.793490 0.284722 0.057813 0.052778
1 0.850781 0.203241 0.057813 0.052778
1 0.850781 0.284722 0.057813 0.052778
2 0.045573 0.330093 0.057813 0.052778
2 0.045573 0.385648 0.057813 0.052778
2 0.045052 0.437500 0.057813 0.052778
2 0.044531 0.491204 0.057813 0.052778
2 0.185677 0.330093 0.057813 0.052778
2 0.185156 0.387500 0.057813 0.052778
2 0.186198 0.441204 0.057813 0.052778
2 0.186719 0.493981 0.057813 0.052778
2 0.242969 0.333796 0.057813 0.052778
2 0.243490 0.387500 0.057813 0.052778
2 0.241927 0.442130 0.057813 0.052778
2 0.241406 0.494907 0.057813 0.052778
2 0.388281 0.497685 0.057813 0.052778
2 0.388802 0.444907 0.057813 0.052778
2 0.388802 0.389352 0.057813 0.052778
2 0.388281 0.335648 0.057813 0.052778
2 0.446615 0.335648 0.057813 0.052778
2 0.446615 0.389352 0.057813 0.052778
2 0.447135 0.443981 0.057813 0.052778
2 0.446615 0.497685 0.057813 0.052778
2 0.591406 0.335648 0.057813 0.052778
2 0.591406 0.388426 0.057813 0.052778
2 0.590885 0.442130 0.057813 0.052778
2 0.590365 0.492130 0.057813 0.052778
2 0.649219 0.493056 0.057813 0.052778
2 0.648698 0.443981 0.057813 0.052778
2 0.648698 0.390278 0.057813 0.052778
2 0.649219 0.337500 0.057813 0.052778
2 0.794531 0.337500 0.057813 0.052778
2 0.795052 0.392130 0.057813 0.052778
2 0.794531 0.444907 0.057813 0.052778
2 0.792969 0.499537 0.057813 0.052778
2 0.851302 0.500463 0.057813 0.052778
2 0.851823 0.446759 0.057813 0.052778
2 0.851302 0.393056 0.057813 0.052778
2 0.851823 0.341204 0.057813 0.052778
2 0.046354 0.722685 0.063542 0.049074
2 0.046875 0.772685 0.063542 0.049074
2 0.046875 0.823611 0.063542 0.049074
2 0.183333 0.831019 0.063542 0.049074
2 0.184896 0.781019 0.063542 0.049074
2 0.185417 0.727315 0.063542 0.049074
2 0.249479 0.730093 0.063542 0.049074
2 0.247917 0.777315 0.063542 0.049074
2 0.247396 0.827315 0.063542 0.049074
2 0.386458 0.727315 0.063542 0.049074
2 0.386458 0.779167 0.063542 0.049074
2 0.386458 0.831019 0.063542 0.049074
2 0.450521 0.831019 0.063542 0.049074
2 0.451562 0.780093 0.063542 0.049074
2 0.450000 0.727315 0.063542 0.049074
2 0.586458 0.728241 0.063542 0.049074
2 0.586458 0.779167 0.063542 0.049074
2 0.585417 0.830093 0.063542 0.049074
2 0.650521 0.831944 0.063542 0.049074
2 0.649479 0.781019 0.063542 0.049074
2 0.649479 0.728241 0.063542 0.049074
2 0.787500 0.733796 0.063542 0.049074
2 0.786458 0.781019 0.063542 0.049074
2 0.785937 0.836574 0.063542 0.049074
2 0.850521 0.834722 0.063542 0.049074
2 0.851042 0.782870 0.063542 0.049074
2 0.852604 0.733796 0.063542 0.049074
2 0.977604 0.834722 0.044792 0.045370
2 0.977604 0.783796 0.044792 0.045370
2 0.975521 0.731019 0.044792 0.045370
2 0.980990 0.500463 0.038021 0.054630
2 0.980990 0.448611 0.038021 0.054630
2 0.980990 0.393981 0.038021 0.054630
2 0.980990 0.341204 0.038021 0.054630
0 0.044792 0.326852 0.058333 0.044444
0 0.043490 0.385648 0.057813 0.045370
0 0.043750 0.439815 0.057292 0.046296
0 0.045833 0.492593 0.057292 0.046296
0 0.044792 0.831019 0.055208 0.043519
0 0.187500 0.829630 0.052083 0.044444
0 0.188542 0.782870 0.054167 0.052778
0 0.186198 0.725463 0.061979 0.043519
0 0.246875 0.838426 0.051042 0.045370
0 0.247656 0.785185 0.053646 0.053704
0 0.269010 0.731019 0.071354 0.050926
0 0.181771 0.500000 0.051042 0.046296
0 0.186979 0.384722 0.053125 0.043519
0 0.183854 0.327778 0.056250 0.046296
0 0.242708 0.325000 0.058333 0.044444
0 0.242969 0.386111 0.055729 0.050000
0 0.239323 0.441667 0.054688 0.051852
0 0.237760 0.498148 0.054688 0.053704
0 0.383854 0.334259 0.044792 0.038889
0 0.389844 0.393981 0.050521 0.045370
0 0.390885 0.444907 0.053646 0.047222
0 0.387240 0.495370 0.057813 0.046296
0 0.392448 0.730093 0.051562 0.049074
0 0.392448 0.783333 0.048438 0.046296
0 0.449740 0.837963 0.056771 0.053704
0 0.454948 0.785648 0.055729 0.049074
0 0.447917 0.497222 0.050000 0.050000
0 0.447135 0.442593 0.055729 0.050000
0 0.447917 0.391667 0.057292 0.051852
0 0.444792 0.333796 0.051042 0.049074
0 0.590625 0.336574 0.053125 0.050926
0 0.587500 0.387037 0.051042 0.044444
0 0.588281 0.442130 0.054688 0.050926
0 0.592969 0.495833 0.052604 0.047222
0 0.595833 0.725926 0.047917 0.050000
0 0.594792 0.780556 0.052083 0.044444
0 0.589583 0.831019 0.052083 0.049074
0 0.656250 0.841204 0.050000 0.043519
0 0.657552 0.732870 0.057813 0.050926
0 0.653906 0.497222 0.049479 0.046296
0 0.647656 0.441667 0.050521 0.042593
0 0.642708 0.384259 0.051042 0.044444
0 0.647656 0.331944 0.053646 0.049074
0 0.802865 0.337963 0.053646 0.048148
0 0.797135 0.391204 0.054688 0.049074
0 0.790625 0.443056 0.056250 0.043519
0 0.793750 0.500463 0.052083 0.045370
0 0.790625 0.783333 0.056250 0.048148
0 0.775260 0.840278 0.050521 0.050926
0 0.850781 0.839352 0.056771 0.050926
0 0.860156 0.785648 0.049479 0.049074
0 0.853646 0.391204 0.056250 0.050926
0 0.854167 0.333796 0.050000 0.047222
0 0.982552 0.341204 0.034896 0.049074
0 0.980990 0.393981 0.038021 0.049074
0 0.982292 0.447685 0.035417 0.050926
0 0.981250 0.502778 0.037500 0.051852
0 0.981510 0.731019 0.036979 0.047222
0 0.984115 0.786111 0.031771 0.050000
1 0.981510 0.204167 0.036979 0.052778
1 0.981510 0.288426 0.036979 0.052778
