2 0.122917 0.212500 0.029167 0.097222
2 0.154167 0.213426 0.029167 0.097222
2 0.184375 0.214352 0.029167 0.097222
2 0.215625 0.214352 0.029167 0.097222
2 0.245833 0.217130 0.029167 0.097222
2 0.277083 0.216204 0.029167 0.097222
2 0.307292 0.215278 0.029167 0.097222
2 0.337500 0.217130 0.029167 0.097222
2 0.367708 0.216204 0.029167 0.097222
2 0.399479 0.216204 0.029167 0.097222
2 0.430729 0.217130 0.029167 0.097222
2 0.460938 0.218056 0.029167 0.097222
2 0.491146 0.216204 0.029167 0.097222
2 0.521875 0.217130 0.029167 0.097222
2 0.553125 0.216204 0.029167 0.097222
2 0.583333 0.217130 0.029167 0.097222
2 0.614062 0.217130 0.029167 0.097222
2 0.645833 0.215278 0.029167 0.097222
2 0.676562 0.216204 0.029167 0.097222
2 0.707292 0.216204 0.029167 0.097222
2 0.738021 0.218056 0.029167 0.097222
2 0.768750 0.218056 0.029167 0.097222
2 0.798958 0.217130 0.029167 0.097222
2 0.830208 0.217130 0.029167 0.097222
2 0.860938 0.218056 0.029167 0.097222
2 0.860417 0.316204 0.029167 0.097222
2 0.830208 0.316204 0.029167 0.097222
2 0.800521 0.317130 0.029167 0.097222
2 0.768750 0.318056 0.029167 0.097222
2 0.738542 0.316204 0.029167 0.097222
2 0.709375 0.314352 0.029167 0.097222
2 0.677604 0.314352 0.029167 0.097222
2 0.645833 0.314352 0.029167 0.097222
2 0.615104 0.315278 0.029167 0.097222
2 0.584896 0.316204 0.029167 0.097222
2 0.553646 0.317130 0.029167 0.097222
2 0.523438 0.316204 0.029167 0.097222
2 0.492188 0.315278 0.029167 0.097222
2 0.461979 0.315278 0.029167 0.097222
2 0.431250 0.314352 0.029167 0.097222
2 0.400000 0.316204 0.029167 0.097222
2 0.369792 0.316204 0.029167 0.097222
2 0.338542 0.315278 0.029167 0.097222
2 0.308333 0.316204 0.029167 0.097222
2 0.277604 0.315278 0.029167 0.097222
2 0.246875 0.314352 0.029167 0.097222
2 0.216146 0.315278 0.029167 0.097222
2 0.185417 0.313426 0.029167 0.097222
2 0.154167 0.314352 0.029167 0.097222
2 0.123958 0.314352 0.029167 0.097222
2 0.155208 0.565278 0.029167 0.097222
2 0.185417 0.566204 0.029167 0.097222
2 0.216667 0.566204 0.029167 0.097222
2 0.246875 0.568056 0.029167 0.097222
2 0.277604 0.568056 0.029167 0.097222
2 0.307812 0.566204 0.029167 0.097222
2 0.338542 0.567130 0.029167 0.097222
2 0.369271 0.568981 0.029167 0.097222
2 0.400521 0.567130 0.029167 0.097222
2 0.430729 0.568056 0.029167 0.097222
2 0.461979 0.568056 0.029167 0.097222
2 0.492188 0.566204 0.029167 0.097222
2 0.523438 0.566204 0.029167 0.097222
2 0.553646 0.566204 0.029167 0.097222
2 0.584896 0.567130 0.029167 0.097222
2 0.615104 0.567130 0.029167 0.097222
2 0.645833 0.567130 0.029167 0.097222
2 0.675521 0.567130 0.029167 0.097222
2 0.706250 0.567130 0.029167 0.097222
2 0.736979 0.567130 0.029167 0.097222
2 0.768229 0.567130 0.029167 0.097222
2 0.798438 0.567130 0.029167 0.097222
2 0.829167 0.567130 0.029167 0.097222
2 0.860417 0.567130 0.029167 0.097222
2 0.829688 0.667130 0.029167 0.097222
2 0.800000 0.666204 0.029167 0.097222
2 0.769792 0.666204 0.029167 0.097222
2 0.890104 0.567130 0.029167 0.097222
2 0.738021 0.666204 0.029167 0.097222
2 0.707292 0.666204 0.029167 0.097222
2 0.676562 0.668981 0.029167 0.097222
2 0.645833 0.668981 0.029167 0.097222
2 0.615625 0.668981 0.029167 0.097222
2 0.584896 0.668981 0.029167 0.097222
2 0.554167 0.668981 0.029167 0.097222
2 0.524479 0.668981 0.029167 0.097222
2 0.493229 0.668981 0.029167 0.097222
2 0.463021 0.668981 0.029167 0.097222
2 0.431771 0.668981 0.029167 0.097222
2 0.401562 0.668981 0.029167 0.097222
2 0.370833 0.668981 0.029167 0.097222
2 0.339583 0.668981 0.029167 0.097222
2 0.308854 0.668981 0.029167 0.097222
2 0.278646 0.668981 0.029167 0.097222
2 0.247917 0.668981 0.029167 0.097222
2 0.217188 0.668981 0.029167 0.097222
2 0.308333 0.894907 0.029167 0.097222
2 0.277083 0.894907 0.029167 0.097222
2 0.338542 0.894907 0.029167 0.097222
2 0.369271 0.894907 0.029167 0.097222
2 0.399479 0.894907 0.029167 0.097222
2 0.430208 0.894907 0.029167 0.097222
2 0.460938 0.894907 0.029167 0.097222
2 0.491146 0.894907 0.029167 0.097222
2 0.522396 0.896759 0.029167 0.097222
2 0.553646 0.896759 0.029167 0.097222
2 0.583854 0.896759 0.029167 0.097222
2 0.614062 0.896759 0.029167 0.097222
2 0.644271 0.896759 0.029167 0.097222
2 0.675521 0.896759 0.029167 0.097222
2 0.705729 0.896759 0.029167 0.097222
2 0.953125 0.845370 0.050000 0.090741
2 0.973437 0.808333 0.050000 0.090741
1 0.902604 0.939815 0.057292 0.090741
1 0.932813 0.887963 0.057292 0.090741
0 0.820052 0.884259 0.042188 0.075926
0 0.977604 0.818981 0.044792 0.082407
0 0.711719 0.901852 0.028646 0.101852
0 0.681250 0.901389 0.027083 0.108333
0 0.646354 0.909722 0.023958 0.099074
0 0.585417 0.904167 0.026042 0.106481
0 0.557292 0.905093 0.022917 0.095370
0 0.525000 0.909259 0.025000 0.096296
0 0.490885 0.907870 0.023438 0.100926
0 0.464062 0.917130 0.022917 0.100926
0 0.398958 0.905556 0.027083 0.096296
0 0.276302 0.903241 0.027604 0.091667
0 0.429688 0.679630 0.023958 0.096296
0 0.463021 0.677315 0.021875 0.100926
0 0.524479 0.687500 0.022917 0.095370
0 0.553646 0.684722 0.026042 0.102778
0 0.586458 0.682407 0.023958 0.101852
0 0.616667 0.671759 0.027083 0.093519
0 0.645052 0.680556 0.024479 0.090741
0 0.678906 0.670370 0.025521 0.092593
0 0.740365 0.674537 0.027604 0.087963
0 0.807292 0.671759 0.029167 0.100926
0 0.864844 0.576852 0.029687 0.098148
0 0.834375 0.569444 0.031250 0.101852
0 0.771615 0.573611 0.028646 0.093519
0 0.650000 0.320370 0.031250 0.101852
0 0.801823 0.317593 0.031771 0.105556
0 0.866406 0.325926 0.031771 0.101852
0 0.833073 0.208796 0.030729 0.084259
0 0.773958 0.205556 0.027083 0.101852
0 0.711458 0.208796 0.022917 0.102778
