0 0.237240 0.885648 0.039062 0.147222
0 0.289583 0.872222 0.042708 0.153704
0 0.379948 0.889352 0.035937 0.149074
0 0.426823 0.882870 0.033854 0.160185
0 0.475000 0.877778 0.039583 0.151852
0 0.520833 0.861574 0.034375 0.147222
0 0.565104 0.866204 0.036458 0.139815
0 0.613802 0.856944 0.035937 0.130556
0 0.709375 0.865278 0.043750 0.130556
0 0.806250 0.855093 0.042708 0.150926
0 0.754948 0.709722 0.041146 0.139815
0 0.846354 0.706019 0.041667 0.152778
0 0.894531 0.713889 0.044271 0.140741
0 0.568490 0.328241 0.044271 0.156481
0 0.660677 0.161574 0.036979 0.137963
0 0.753906 0.157870 0.042188 0.150926
0 0.843490 0.158333 0.046354 0.129630
0 0.796875 0.316667 0.044792 0.144444
0 0.893750 0.332870 0.044792 0.149074
2 0.013802 0.178704 0.026562 0.151852
2 0.013802 0.332407 0.026562 0.151852
2 0.016667 0.704167 0.032292 0.150926
2 0.016667 0.861574 0.032292 0.150926
2 0.052344 0.178241 0.043229 0.150926
2 0.098698 0.178241 0.043229 0.150926
2 0.144531 0.177315 0.043229 0.150926
2 0.191406 0.177315 0.043229 0.150926
2 0.237760 0.179167 0.043229 0.150926
2 0.283594 0.178241 0.043229 0.150926
2 0.330469 0.176389 0.043229 0.150926
2 0.377344 0.175463 0.043229 0.150926
2 0.422656 0.178241 0.043229 0.150926
2 0.470052 0.175463 0.043229 0.150926
2 0.515885 0.173611 0.043229 0.150926
2 0.562240 0.171759 0.043229 0.150926
2 0.608073 0.173611 0.043229 0.150926
2 0.653906 0.171759 0.043229 0.150926
2 0.700781 0.170833 0.043229 0.150926
2 0.748698 0.168981 0.043229 0.150926
2 0.794531 0.171759 0.043229 0.150926
2 0.841927 0.171759 0.043229 0.150926
2 0.886198 0.167130 0.043229 0.150926
2 0.888281 0.327315 0.043229 0.150926
2 0.842969 0.328241 0.043229 0.150926
2 0.795573 0.328241 0.043229 0.150926
2 0.750260 0.326389 0.043229 0.150926
2 0.702865 0.327315 0.043229 0.150926
2 0.657031 0.324537 0.043229 0.150926
2 0.611198 0.327315 0.043229 0.150926
2 0.564844 0.329167 0.043229 0.150926
2 0.516406 0.329167 0.043229 0.150926
2 0.471094 0.330093 0.043229 0.150926
2 0.424740 0.332870 0.043229 0.150926
2 0.377865 0.332870 0.043229 0.150926
2 0.332031 0.333796 0.043229 0.150926
2 0.284635 0.331019 0.043229 0.150926
2 0.238802 0.331019 0.043229 0.150926
2 0.192969 0.334722 0.043229 0.150926
2 0.146094 0.332870 0.043229 0.150926
2 0.099740 0.332870 0.043229 0.150926
2 0.053385 0.333796 0.043229 0.150926
2 0.058073 0.707870 0.043229 0.150926
2 0.103385 0.707870 0.043229 0.150926
2 0.150260 0.708796 0.043229 0.150926
2 0.195052 0.707870 0.043229 0.150926
2 0.241406 0.707870 0.043229 0.150926
2 0.288802 0.708796 0.043229 0.150926
2 0.334635 0.706019 0.043229 0.150926
2 0.380990 0.705093 0.043229 0.150926
2 0.426302 0.704167 0.043229 0.150926
2 0.472135 0.700463 0.043229 0.150926
2 0.519010 0.704167 0.043229 0.150926
2 0.565365 0.704167 0.043229 0.150926
2 0.611198 0.706944 0.043229 0.150926
2 0.657031 0.702315 0.043229 0.150926
2 0.704427 0.704167 0.043229 0.150926
2 0.751823 0.701389 0.043229 0.150926
2 0.796615 0.696759 0.043229 0.150926
2 0.842448 0.696759 0.043229 0.150926
2 0.890885 0.701389 0.043229 0.150926
2 0.936719 0.701852 0.035937 0.150000
2 0.797135 0.854167 0.043229 0.150926
2 0.840885 0.856019 0.043229 0.150926
2 0.750781 0.854167 0.043229 0.150926
2 0.704427 0.855093 0.043229 0.150926
2 0.657031 0.857870 0.043229 0.150926
2 0.611719 0.856944 0.043229 0.150926
2 0.564844 0.857870 0.043229 0.150926
2 0.519010 0.860648 0.043229 0.150926
2 0.473177 0.861574 0.043229 0.150926
2 0.427865 0.861574 0.043229 0.150926
2 0.382031 0.863426 0.043229 0.150926
2 0.334635 0.863426 0.043229 0.150926
2 0.290365 0.863426 0.043229 0.150926
2 0.242969 0.863426 0.043229 0.150926
2 0.197656 0.864352 0.043229 0.150926
2 0.151823 0.863426 0.043229 0.150926
2 0.105469 0.862500 0.043229 0.150926
2 0.059115 0.863426 0.043229 0.150926
