1 0.214844 0.196759 0.119271 0.104630
1 0.338281 0.193981 0.119271 0.097222
1 0.630208 0.190278 0.117708 0.100926
1 0.752083 0.191204 0.120833 0.106481
1 0.631510 0.357870 0.119271 0.102778
1 0.751302 0.356481 0.119271 0.103704
1 0.339583 0.362037 0.119792 0.101852
1 0.215625 0.364352 0.118750 0.097222
2 0.215365 0.475463 0.120313 0.106481
2 0.339062 0.470370 0.122917 0.100000
2 0.340885 0.584259 0.125521 0.109259
2 0.216667 0.584259 0.118750 0.101852
2 0.216667 0.694907 0.118750 0.102778
2 0.340365 0.691204 0.121354 0.100926
2 0.216667 0.800926 0.120833 0.090741
2 0.341146 0.801389 0.122917 0.099074
2 0.632031 0.798611 0.119271 0.104630
2 0.633594 0.689815 0.116146 0.101852
2 0.633333 0.579167 0.118750 0.102778
2 0.631510 0.467593 0.119271 0.103704
2 0.752344 0.467130 0.119271 0.100926
2 0.755208 0.576389 0.121875 0.104630
2 0.755208 0.690741 0.121875 0.103704
2 0.755469 0.796296 0.121354 0.094444
0 0.213021 0.483333 0.113542 0.087037
0 0.331510 0.466204 0.105729 0.089815
0 0.317708 0.576852 0.102083 0.077778
0 0.208073 0.694907 0.114062 0.084259
0 0.330208 0.697222 0.100000 0.087037
0 0.219271 0.802778 0.108333 0.087037
0 0.340104 0.806019 0.103125 0.082407
0 0.632292 0.805093 0.103125 0.084259
0 0.625521 0.693056 0.106250 0.087963
0 0.634635 0.579630 0.110937 0.090741
0 0.648438 0.466204 0.107292 0.089815
0 0.755729 0.469444 0.106250 0.083333
0 0.756250 0.577778 0.101042 0.079630
0 0.754687 0.683333 0.109375 0.096296
0 0.038542 0.930556 0.076042 0.138889
