0 0.475260 0.122685 0.052604 0.200926
0 0.789844 0.108796 0.054688 0.199074
0 0.922917 0.134722 0.060417 0.197222
0 0.923698 0.648148 0.064062 0.183333
0 0.855990 0.636111 0.060937 0.200000
0 0.729688 0.645370 0.055208 0.194444
0 0.801562 0.847222 0.053125 0.201852
0 0.669792 0.852315 0.051042 0.195370
0 0.536979 0.843981 0.044792 0.176852
0 0.471875 0.854167 0.051042 0.173148
0 0.413021 0.856944 0.047917 0.176852
0 0.349219 0.878241 0.049479 0.199074
0 0.281771 0.881019 0.050000 0.213889
0 0.221354 0.887037 0.050000 0.192593
0 0.095573 0.863889 0.061979 0.205556
0 0.026823 0.873611 0.052604 0.206481
2 0.031510 0.137037 0.060937 0.211111
2 0.094531 0.134259 0.064062 0.205556
2 0.155208 0.131481 0.061458 0.203704
2 0.219531 0.127778 0.059896 0.201852
2 0.280469 0.126852 0.060937 0.198148
2 0.344792 0.126852 0.062500 0.198148
2 0.407292 0.123611 0.059375 0.200926
2 0.533854 0.131944 0.059375 0.200926
2 0.598437 0.129167 0.063542 0.208333
2 0.660937 0.125926 0.061458 0.203704
2 0.721615 0.123611 0.059896 0.199074
2 0.786719 0.125000 0.060937 0.196296
2 0.848958 0.124074 0.060417 0.200000
2 0.913542 0.125926 0.062500 0.192593
2 0.034115 0.639815 0.060937 0.201852
2 0.097917 0.638889 0.062500 0.194444
2 0.160156 0.637963 0.059896 0.200000
2 0.222396 0.638426 0.062500 0.193519
2 0.286458 0.636574 0.059375 0.191667
2 0.348698 0.639352 0.061979 0.195370
2 0.412240 0.639352 0.059896 0.195370
2 0.474219 0.637500 0.059896 0.200926
2 0.538021 0.637500 0.061458 0.199074
2 0.598958 0.634722 0.059375 0.193519
2 0.661979 0.636111 0.059375 0.200000
2 0.724219 0.637037 0.059896 0.200000
2 0.786198 0.634722 0.056771 0.197222
2 0.849740 0.633333 0.065104 0.200000
2 0.913281 0.632407 0.058854 0.205556
2 0.033594 0.859259 0.059896 0.216667
2 0.096094 0.858796 0.057813 0.217593
2 0.160938 0.855093 0.058333 0.217593
2 0.223958 0.856944 0.060417 0.219444
2 0.286979 0.853241 0.061458 0.212037
2 0.349219 0.852315 0.058854 0.215741
2 0.411979 0.847685 0.061458 0.204630
2 0.475000 0.845370 0.059375 0.200000
2 0.538021 0.842593 0.058333 0.201852
2 0.598437 0.842593 0.061458 0.194444
2 0.661979 0.842130 0.060417 0.195370
2 0.725521 0.839815 0.061458 0.200000
2 0.787760 0.840741 0.057813 0.198148
2 0.849479 0.843519 0.060417 0.201852
2 0.471354 0.125463 0.059375 0.200926
