0 0.984115 0.882407 0.0307292 0.062963
0 0.986979 0.35 0.025 0.062963
0 0.986979 0.287963 0.025 0.0666667
0 0.990885 0.817593 0.0171875 0.0537037
0 0.282031 0.350926 0.0661458 0.0592593
0 0.46849 0.588426 0.0619792 0.0583333
0 0.215365 0.351389 0.0661458 0.0601852
0 0.755469 0.345833 0.0619792 0.0564815
0 0.691927 0.415278 0.0692708 0.0583333
0 0.276302 0.415741 0.0651042 0.0555556
0 0.945833 0.288426 0.0666667 0.062037
0 0.209896 0.485185 0.0635417 0.062963
0 0.528125 0.887037 0.0666667 0.062963
0 0.448438 0.290741 0.0583333 0.0537037
0 0.525 0.353704 0.065625 0.0611111
0 0.275781 0.481019 0.0661458 0.0601852
0 0.217969 0.879167 0.0619792 0.0601852
0 0.451562 0.477315 0.0697917 0.0583333
0 0.519531 0.287963 0.0630208 0.0555556
0 0.0455729 0.353241 0.0755208 0.0564815
0 0.69401 0.291204 0.0651042 0.0601852
0 0.760938 0.413889 0.0625 0.0555556
0 0.458073 0.756944 0.0630208 0.0601852
0 0.0505208 0.479167 0.0666667 0.0583333
0 0.315625 0.758796 0.0791667 0.0657407
0 0.699219 0.817593 0.0630208 0.062963
0 0.457292 0.359259 0.0625 0.0574074
0 0.767187 0.477315 0.0635417 0.0601852
0 0.533854 0.821296 0.0645833 0.062963
0 0.936979 0.350926 0.0697917 0.0592593
0 0.0473958 0.285185 0.0739583 0.0574074
0 0.210938 0.283796 0.065625 0.0546296
0 0.219531 0.817593 0.0661458 0.0592593
0 0.458073 0.420833 0.0609375 0.0601852
0 0.524479 0.416204 0.0697917 0.0583333
0 0.772396 0.888426 0.0625 0.062037
0 0.93151 0.415278 0.0703125 0.0583333
0 0.913802 0.88287 0.0661458 0.062037
0 0.699219 0.752778 0.0619792 0.0611111
0 0.214062 0.754167 0.06875 0.0583333
0 0.76276 0.28287 0.0671875 0.0564815
0 0.279948 0.280556 0.0692708 0.0555556
0 0.69349 0.876389 0.0609375 0.0564815
0 0.379687 0.661574 0.0625 0.0583333
0 0.933854 0.481481 0.0666667 0.062963
0 0.0463542 0.415278 0.0708333 0.0583333
0 0.930729 0.816667 0.0677083 0.0592593
0 0.288281 0.824074 0.0661458 0.0592593
0 0.697135 0.475926 0.0651042 0.0555556
0 0.0486979 0.881944 0.0703125 0.0638889
0 0.774219 0.758333 0.0671875 0.0611111
0 0.461719 0.821759 0.0619792 0.0583333
0 0.524219 0.482407 0.0619792 0.0574074
0 0.288542 0.8875 0.0583333 0.0583333
