0 0.47526 0.881944 0.0255208 0.0805556
0 0.291146 0.867593 0.0302083 0.0740741
0 0.708594 0.868056 0.0223958 0.087963
0 0.426042 0.881944 0.0239583 0.0953704
0 0.84349 0.158796 0.0203125 0.087963
0 0.611719 0.861111 0.00989583 0.0796296
0 0.2375 0.884259 0.025 0.0981481
0 0.518229 0.858796 0.0104167 0.106481
0 0.426562 0.886574 0.0125 0.147222
0 0.752344 0.161111 0.0119792 0.140741
0 0.895573 0.324074 0.0255208 0.114815
0 0.848437 0.702778 0.015625 0.133333
0 0.473698 0.87963 0.0119792 0.133333
0 0.6125 0.855556 0.021875 0.0907407
0 0.807552 0.858333 0.0130208 0.125926
0 0.378646 0.895833 0.0114583 0.123148
0 0.797135 0.315278 0.0130208 0.130556
0 0.753125 0.158333 0.0229167 0.0981481
0 0.754427 0.708796 0.0223958 0.0916667
0 0.28724 0.875926 0.0151042 0.133333
0 0.894271 0.718518 0.0135417 0.112963
0 0.569531 0.331019 0.0119792 0.143519
0 0.56224 0.869444 0.0119792 0.0981481
0 0.896094 0.335648 0.0119792 0.143519
0 0.615104 0.854167 0.009375 0.106481
0 0.383854 0.891667 0.0114583 0.124074
0 0.708854 0.866204 0.0104167 0.113889
0 0.842969 0.159722 0.0109375 0.121296
0 0.567969 0.865278 0.00989583 0.112037
0 0.658594 0.164352 0.0109375 0.125
0 0.522135 0.86713 0.0119792 0.100926
0 0.80625 0.855556 0.034375 0.135185
0 0.426823 0.881944 0.0369792 0.156481
0 0.236458 0.880093 0.0427083 0.150926
0 0.709896 0.866204 0.0354167 0.132407
0 0.38099 0.891204 0.0338542 0.141667
0 0.84375 0.161111 0.034375 0.118519
0 0.476042 0.881019 0.0333333 0.143519
0 0.564323 0.865741 0.0348958 0.137037
0 0.659896 0.168056 0.0333333 0.125
0 0.286979 0.874537 0.0427083 0.15463
0 0.520833 0.864352 0.0364583 0.141667
0 0.56901 0.331481 0.0369792 0.155556
0 0.895573 0.331481 0.0411458 0.161111
0 0.753125 0.163889 0.040625 0.140741
0 0.845833 0.699537 0.0427083 0.149074
0 0.796354 0.314815 0.0395833 0.138889
0 0.754167 0.7125 0.0395833 0.136111
0 0.613021 0.858333 0.0322917 0.137037
0 0.895573 0.715278 0.0411458 0.139815
