0 0.415365 0.955556 0.0244792 0.0388889
0 0.99375 0.712037 0.0125 0.0222222
0 0.98724 0.611111 0.0140625 0.0481481
0 0.920573 0.921296 0.0421875 0.0388889
0 0.988542 0.715278 0.009375 0.0268519
0 0.36224 0.953704 0.0442708 0.0648148
0 0.50651 0.760648 0.0505208 0.0824074
0 0.863281 0.885185 0.0380208 0.037037
0 0.596354 0.745833 0.01875 0.0509259
0 0.872396 0.863889 0.01875 0.062963
0 0.938802 0.883333 0.0286458 0.0351852
0 0.463542 0.950463 0.0166667 0.0490741
0 0.504427 0.760648 0.0213542 0.0583333
0 0.7125 0.753704 0.0416667 0.0685185
0 0.515104 0.950463 0.0270833 0.0601852
0 0.991927 0.589815 0.0130208 0.0296296
0 0.629167 0.360648 0.0375 0.0768519
0 0.422917 0.955556 0.0177083 0.0611111
0 0.730469 0.665278 0.0192708 0.062037
0 0.914062 0.912963 0.01875 0.0851852
0 0.992448 0.714815 0.00989583 0.0851852
0 0.551042 0.751389 0.0135417 0.0527778
0 0.891146 0.953704 0.0197917 0.0666667
0 0.651823 0.746759 0.0182292 0.0472222
0 0.99349 0.588889 0.0130208 0.0851852
0 0.883073 0.844907 0.0401042 0.037963
0 0.711719 0.756944 0.00677083 0.0527778
0 0.598437 0.936111 0.0135417 0.0759259
0 0.466927 0.954167 0.0046875 0.0564815
0 0.984115 0.636574 0.0276042 0.0416667
0 0.761458 0.673611 0.0145833 0.037963
0 0.579167 0.453704 0.0416667 0.0814815
0 0.520833 0.763426 0.0114583 0.0342593
0 0.76276 0.462037 0.0359375 0.0888889
0 0.881771 0.856019 0.0260417 0.0287037
0 0.732031 0.346296 0.0140625 0.037037
0 0.504687 0.952315 0.01875 0.0675926
0 0.990104 0.59537 0.00625 0.0277778
0 0.56901 0.747685 0.0151042 0.0435185
0 0.465104 0.759722 0.015625 0.0583333
0 0.678906 0.353704 0.0140625 0.0518519
0 0.979688 0.625926 0.040625 0.0407407
0 0.703646 0.447222 0.0166667 0.0537037
0 0.573438 0.44537 0.0166667 0.0592593
0 0.382031 0.756481 0.0140625 0.062963
0 0.517187 0.759259 0.0145833 0.062963
0 0.757552 0.45 0.0182292 0.0555556
0 0.602083 0.949537 0.0114583 0.0824074
0 0.898958 0.947222 0.0260417 0.0351852
0 0.356771 0.945833 0.0114583 0.0601852
0 0.433854 0.951852 0.015625 0.062963
0 0.757812 0.668981 0.015625 0.062037
0 0.410677 0.961574 0.0119792 0.0509259
0 0.763021 0.460648 0.00729167 0.0527778
0 0.489844 0.759259 0.0151042 0.0666667
0 0.25026 0.941204 0.0192708 0.0453704
0 0.73125 0.356481 0.00520833 0.0611111
0 0.490885 0.949537 0.0140625 0.062037
0 0.898177 0.939352 0.0140625 0.0472222
0 0.916927 0.902778 0.0151042 0.0481481
0 0.469792 0.760185 0.009375 0.0740741
0 0.680729 0.357407 0.00625 0.0592593
0 0.491406 0.946759 0.0411458 0.0861111
0 0.623698 0.948148 0.0130208 0.0722222
0 0.732292 0.666667 0.00833333 0.062963
0 0.988281 0.713426 0.0234375 0.0342593
0 0.983854 0.634259 0.0104167 0.0481481
0 0.625 0.353704 0.0125 0.0537037
0 0.877865 0.85 0.00885417 0.037037
0 0.677083 0.668519 0.0145833 0.0555556
0 0.6 0.947685 0.00520833 0.075
0 0.722917 0.9375 0.0291667 0.0435185
0 0.965625 0.656944 0.0166667 0.0472222
0 0.469271 0.952778 0.009375 0.0685185
0 0.936979 0.877778 0.00833333 0.037037
0 0.434115 0.954167 0.0046875 0.0564815
0 0.51875 0.758796 0.00625 0.0638889
0 0.683333 0.35 0.00833333 0.0759259
0 0.383073 0.758796 0.00677083 0.062037
0 0.572396 0.757407 0.00520833 0.0518519
0 0.413281 0.756944 0.0078125 0.0546296
0 0.708854 0.747685 0.00833333 0.0638889
0 0.436458 0.952778 0.00729167 0.0703704
0 0.624219 0.946296 0.0390625 0.0907407
0 0.570312 0.753704 0.00625 0.062963
0 0.704427 0.447685 0.00677083 0.0601852
0 0.652865 0.75463 0.00677083 0.0574074
0 0.547135 0.750463 0.00885417 0.0675926
0 0.601562 0.747685 0.00833333 0.0601852
0 0.414062 0.958333 0.00625 0.0685185
0 0.735156 0.662037 0.00989583 0.0777778
0 0.522917 0.760648 0.00520833 0.062037
0 0.992969 0.716204 0.0140625 0.037963
0 0.517448 0.952315 0.00885417 0.0657407
0 0.721615 0.933796 0.0130208 0.0398148
0 0.760417 0.453241 0.00729167 0.0601852
0 0.569792 0.955093 0.00833333 0.0657407
0 0.7375 0.353704 0.00729167 0.0611111
0 0.880469 0.966667 0.0109375 0.0425926
0 0.598177 0.750926 0.00677083 0.0462963
0 0.628385 0.356944 0.00677083 0.0601852
0 0.415365 0.750463 0.0078125 0.0731481
0 0.385156 0.758796 0.0046875 0.0546296
0 0.86276 0.878704 0.0130208 0.0481481
0 0.72526 0.937037 0.00885417 0.0462963
0 0.677604 0.672685 0.00625 0.0435185
0 0.492188 0.761111 0.00625 0.0703704
0 0.989583 0.592593 0.0208333 0.0444444
0 0.733333 0.356019 0.00520833 0.0546296
0 0.68151 0.66713 0.0046875 0.0601852
0 0.709635 0.758333 0.0046875 0.0425926
0 0.495573 0.95463 0.0046875 0.05
0 0.761198 0.668519 0.00677083 0.062963
0 0.495313 0.759722 0.00520833 0.0712963
0 0.252344 0.947685 0.00677083 0.0564815
0 0.70651 0.45 0.0046875 0.0666667
0 0.759896 0.463426 0.00416667 0.0435185
0 0.359375 0.954167 0.00416667 0.0435185
0 0.626823 0.360185 0.00572917 0.0425926
0 0.3875 0.75463 0.00729167 0.0648148
0 0.576302 0.453241 0.0046875 0.0509259
0 0.572917 0.958796 0.00520833 0.062037
0 0.65651 0.75463 0.0046875 0.0592593
0 0.964323 0.655556 0.0484375 0.0703704
0 0.626562 0.95463 0.00520833 0.0555556
0 0.735677 0.665278 0.0192708 0.10463
0 0.469531 0.951852 0.0192708 0.0944444
0 0.982813 0.631481 0.034375 0.0777778
0 0.571615 0.751389 0.0182292 0.087963
0 0.602604 0.745833 0.0197917 0.0861111
0 0.602865 0.946759 0.0192708 0.106481
0 0.654948 0.754167 0.0182292 0.0898148
0 0.681771 0.352315 0.0197917 0.0972222
0 0.469792 0.764815 0.01875 0.101852
0 0.706771 0.44537 0.0239583 0.0962963
0 0.914844 0.906018 0.0453125 0.0675926
0 0.414323 0.750926 0.0203125 0.0907407
0 0.521875 0.759722 0.0208333 0.102778
0 0.520052 0.948148 0.0213542 0.103704
0 0.936458 0.876852 0.0385417 0.0703704
0 0.761979 0.670833 0.0197917 0.10463
0 0.710938 0.749537 0.0177083 0.0935185
0 0.438281 0.951389 0.0192708 0.0972222
0 0.861458 0.880093 0.0416667 0.0805556
0 0.735937 0.352778 0.0208333 0.0944444
0 0.386719 0.758333 0.0182292 0.105556
0 0.547396 0.750463 0.0177083 0.0861111
0 0.360677 0.948148 0.0192708 0.103704
0 0.577865 0.449537 0.0203125 0.10463
0 0.413802 0.956481 0.0192708 0.087037
0 0.495052 0.949074 0.0192708 0.101852
0 0.572656 0.956019 0.0203125 0.0861111
0 0.761458 0.456019 0.0166667 0.0935185
0 0.494531 0.762037 0.0213542 0.109259
0 0.628385 0.353241 0.0192708 0.0972222
0 0.627865 0.946759 0.0192708 0.106481
0 0.878646 0.849537 0.0375 0.0731481
0 0.253646 0.946759 0.021875 0.0990741
0 0.897917 0.946296 0.0385417 0.062963
0 0.680469 0.666667 0.0213542 0.1
0 0.725781 0.934259 0.0390625 0.0759259
0 0.880208 0.971759 0.0364583 0.0527778
