0 0.992708 0.625926 0.0145833 0.0925926
0 0.989062 0.40787 0.0208333 0.100926
0 0.989844 0.740278 0.0192708 0.100926
0 0.988281 0.506481 0.0234375 0.0962963
0 0.217187 0.414815 0.113542 0.0814815
0 0.755208 0.514352 0.101042 0.0842593
0 0.62526 0.625463 0.107813 0.0898148
0 0.65 0.40463 0.105208 0.0888889
0 0.221094 0.7375 0.104687 0.0861111
0 0.321615 0.510648 0.100521 0.0805556
0 0.210417 0.631019 0.113542 0.0861111
0 0.342969 0.737963 0.104687 0.0888889
0 0.63099 0.740278 0.109896 0.102778
0 0.635677 0.516204 0.113021 0.0898148
0 0.333594 0.400926 0.107813 0.087037
0 0.757812 0.40463 0.101042 0.087037
0 0.754167 0.618981 0.111458 0.0990741
0 0.330469 0.630093 0.101562 0.0824074
