0 0.684635 0.171296 0.0765625 0.0666667
0 0.900521 0.176389 0.0802083 0.0731481
0 0.29974 0.919907 0.0755208 0.0694444
0 0.296615 0.412963 0.0765625 0.0685185
0 0.982813 0.928704 0.034375 0.0759259
0 0.981771 0.759722 0.0354167 0.0768519
0 0.379427 0.328704 0.0755208 0.0666667
0 0.970573 0.17037 0.0588542 0.0703704
0 0.0893229 0.327315 0.0859375 0.0712963
0 0.910937 0.75463 0.075 0.0648148
0 0.378646 0.409722 0.08125 0.0712963
0 0.601823 0.406944 0.0817708 0.0657407
0 0.701302 0.762037 0.0807292 0.0777778
0 0.976042 0.411574 0.0479167 0.0694444
0 0.692187 0.329167 0.0875 0.0712963
0 0.688542 0.414352 0.0802083 0.0694444
0 0.908333 0.408333 0.0854167 0.0685185
0 0.595573 0.174537 0.0723958 0.0675926
0 0.0932292 0.162037 0.0895833 0.0703704
0 0.390365 0.930556 0.0734375 0.0703704
0 0.605208 0.336111 0.0770833 0.0685185
0 0.6125 0.844907 0.0770833 0.0712963
0 0.905208 0.9125 0.075 0.0657407
0 0.0895833 0.247685 0.090625 0.0731481
0 0.0934896 0.40463 0.0828125 0.0685185
0 0.913281 0.837963 0.0786458 0.0740741
0 0.690885 0.250463 0.0828125 0.0712963
0 0.696094 0.926852 0.0807292 0.0722222
0 0.604688 0.259722 0.075 0.0657407
0 0.38724 0.248148 0.0776042 0.0666667
0 0.899479 0.331944 0.0864583 0.075
0 0.703125 0.844444 0.078125 0.0759259
0 0.391406 0.847685 0.0817708 0.0712963
0 0.967969 0.247685 0.0640625 0.0657407
0 0.303385 0.841204 0.0796875 0.0694444
0 0.297656 0.163889 0.0786458 0.0703704
0 0.610417 0.762037 0.08125 0.0703704
0 0.973698 0.331481 0.0526042 0.0648148
0 0.296615 0.757407 0.0848958 0.0740741
0 0.42526 0.764352 0.102604 0.075
0 0.303646 0.249537 0.0802083 0.0675926
0 0.385938 0.160185 0.0833333 0.0703704
0 0.0796875 0.925 0.0854167 0.0777778
