0 0.99349 0.801852 0.0130208 0.087037
0 0.991406 0.469444 0.00572917 0.062963
0 0.32474 0.702778 0.0640625 0.0740741
0 0.0299479 0.938426 0.0401042 0.123148
0 0.623698 0.702778 0.0651042 0.0685185
0 0.75599 0.586574 0.0619792 0.0638889
0 0.991667 0.474074 0.0166667 0.0796296
0 0.989844 0.573148 0.00572917 0.0574074
0 0.0395833 0.928704 0.0760417 0.142593
0 0.989844 0.57037 0.0171875 0.0740741
0 0.330729 0.46713 0.104167 0.100926
0 0.215104 0.806481 0.0979167 0.0796296
0 0.630729 0.810185 0.102083 0.0981481
0 0.75599 0.468056 0.100521 0.0916667
0 0.340365 0.804167 0.104687 0.0842593
0 0.207031 0.697222 0.104687 0.0888889
0 0.640885 0.577778 0.110937 0.0962963
0 0.215104 0.477315 0.104167 0.0842593
0 0.647396 0.467593 0.102083 0.0962963
0 0.75625 0.683796 0.104167 0.0898148
0 0.623698 0.694907 0.106771 0.0990741
0 0.321354 0.577315 0.0989583 0.087963
0 0.33151 0.696296 0.106771 0.1
0 0.756771 0.578241 0.105208 0.0916667
