0 0.34974 0.878704 0.0484375 0.194444
0 0.281771 0.882407 0.0510417 0.212963
0 0.801562 0.851389 0.0614583 0.215741
0 0.411979 0.856944 0.0479167 0.199074
0 0.474479 0.124537 0.0489583 0.200926
0 0.858594 0.638889 0.0546875 0.188889
0 0.66901 0.856019 0.0526042 0.182407
0 0.219531 0.891204 0.0546875 0.20463
0 0.728385 0.648611 0.0526042 0.186111
0 0.788542 0.112963 0.0552083 0.201852
0 0.471354 0.857407 0.0458333 0.175926
0 0.922917 0.136111 0.059375 0.205556
0 0.922917 0.651852 0.0583333 0.194444
0 0.0945313 0.865741 0.0619792 0.209259
0 0.0283854 0.877778 0.0546875 0.211111
0 0.53776 0.851389 0.0463542 0.180556
