0 0.90625 0.765741 0.0364583 0.0851852
0 0.350781 0.706481 0.0432292 0.0166667
0 0.165365 0.469907 0.0317708 0.0287037
0 0.85651 0.387963 0.0359375 0.0851852
0 0.571875 0.765278 0.034375 0.0212963
0 0.907812 0.697685 0.0177083 0.0435185
0 0.215625 0.322222 0.053125 0.0166667
0 0.0515625 0.389815 0.01875 0.037037
0 0.518229 0.712037 0.025 0.0851852
0 0.393229 0.386111 0.0145833 0.037037
0 0.514323 0.757407 0.0317708 0.0851852
0 0.388542 0.757407 0.015625 0.0240741
0 0.858594 0.709259 0.0411458 0.012963
0 0.852865 0.686574 0.0182292 0.0361111
0 0.853385 0.45463 0.0213542 0.0425926
0 0.219271 0.365278 0.0291667 0.0268519
0 0.910156 0.387963 0.0473958 0.0851852
0 0.170312 0.366204 0.0291667 0.0268519
0 0.174219 0.712963 0.0369792 0.0851852
0 0.247917 0.668519 0.0375 0.0851852
0 0.853125 0.706944 0.0270833 0.025
0 0.21901 0.711111 0.0369792 0.0851852
0 0.852344 0.666667 0.0369792 0.0851852
0 0.168229 0.325 0.025 0.0851852
0 0.392969 0.423148 0.0380208 0.0851852
0 0.341927 0.324537 0.0380208 0.0101852
0 0.563542 0.32963 0.03125 0.0851852
0 0.339323 0.334259 0.0276042 0.0851852
0 0.0549479 0.462963 0.0359375 0.0851852
0 0.172917 0.711574 0.0166667 0.0324074
0 0.176563 0.700463 0.040625 0.012037
0 0.855208 0.714815 0.0354167 0.0851852
0 0.347135 0.713889 0.0328125 0.0851852
0 0.859635 0.427315 0.0421875 0.0157407
0 0.851562 0.33287 0.0145833 0.0212963
0 0.66901 0.763889 0.0317708 0.0851852
0 0.340365 0.661111 0.0505208 0.0203704
0 0.90625 0.666667 0.0197917 0.0851852
0 0.909635 0.712037 0.0338542 0.0851852
0 0.56849 0.762963 0.0307292 0.0851852
0 0.393229 0.373148 0.034375 0.0851852
0 0.214844 0.424074 0.0348958 0.0851852
0 0.567448 0.460185 0.0411458 0.00925926
0 0.0513021 0.750926 0.0348958 0.0851852
0 0.517187 0.461111 0.0416667 0.00925926
0 0.55599 0.372222 0.0286458 0.0851852
0 0.509896 0.378704 0.0322917 0.0851852
0 0.389062 0.327778 0.0302083 0.0851852
0 0.217187 0.459722 0.0427083 0.0101852
0 0.852344 0.474074 0.0348958 0.0851852
0 0.735156 0.334259 0.0369792 0.0851852
0 0.34401 0.422222 0.0276042 0.0851852
0 0.510417 0.422222 0.0333333 0.0851852
0 0.734896 0.378704 0.0322917 0.0851852
0 0.982031 0.166667 0.0234375 0.0444444
0 0.907812 0.666667 0.028125 0.0203704
0 0.164583 0.467593 0.0354167 0.0851852
0 0.172135 0.750926 0.0348958 0.0851852
0 0.909375 0.753704 0.04375 0.0111111
0 0.222135 0.759259 0.0338542 0.0851852
0 0.34349 0.377778 0.0255208 0.0851852
0 0.567708 0.663889 0.040625 0.0203704
0 0.905469 0.432407 0.0317708 0.0851852
0 0.51849 0.664352 0.0265625 0.025
0 0.344271 0.378241 0.0333333 0.0157407
0 0.170833 0.325463 0.0291667 0.0268519
0 0.0533854 0.747685 0.0401042 0.0212963
0 0.511198 0.463889 0.0119792 0.0240741
0 0.739062 0.713889 0.0354167 0.0851852
0 0.51849 0.659259 0.0317708 0.012963
0 0.343229 0.459722 0.040625 0.0101852
0 0.560677 0.422222 0.0296875 0.0851852
0 0.733333 0.33287 0.0125 0.0194444
0 0.171094 0.701852 0.0171875 0.0240741
0 0.338542 0.469444 0.0375 0.0851852
0 0.516406 0.711111 0.0296875 0.0222222
0 0.221615 0.707407 0.0348958 0.0222222
0 0.73724 0.379167 0.0317708 0.0194444
0 0.861458 0.336111 0.0427083 0.0259259
0 0.98151 0.170833 0.00677083 0.0453704
0 0.392969 0.758333 0.0380208 0.0851852
0 0.16875 0.460648 0.0416667 0.012037
0 0.679948 0.425 0.0380208 0.0851852
0 0.220573 0.326389 0.0338542 0.0324074
0 0.509375 0.376389 0.0114583 0.0231481
0 0.557552 0.374074 0.0286458 0.0185185
0 0.397396 0.713889 0.0354167 0.0851852
0 0.109896 0.662963 0.0239583 0.0425926
0 0.171354 0.75 0.0333333 0.0203704
0 0.0552083 0.325 0.0302083 0.0259259
0 0.515365 0.333796 0.0328125 0.0194444
0 0.854688 0.37963 0.015625 0.0259259
0 0.390625 0.468519 0.0333333 0.0185185
0 0.73776 0.333333 0.0348958 0.0222222
0 0.0502604 0.415278 0.0380208 0.025
0 0.510677 0.375463 0.0307292 0.0138889
0 0.213542 0.47037 0.0395833 0.0851852
0 0.341927 0.381019 0.0109375 0.0194444
0 0.171615 0.659259 0.0380208 0.0259259
0 0.682292 0.712037 0.0322917 0.0277778
0 0.391927 0.374074 0.0369792 0.0222222
0 0.90599 0.666667 0.00885417 0.0203704
0 0.681771 0.425 0.0375 0.0240741
0 0.513542 0.335185 0.034375 0.0851852
0 0.984635 0.168519 0.00885417 0.0574074
0 0.856771 0.431019 0.0333333 0.0324074
0 0.384635 0.331019 0.0109375 0.0231481
0 0.388802 0.467593 0.0317708 0.0851852
0 0.513542 0.468981 0.0364583 0.0842593
0 0.857031 0.38287 0.0307292 0.0231481
0 0.688021 0.377778 0.034375 0.0203704
0 0.904427 0.38287 0.0151042 0.0231481
0 0.0526042 0.322222 0.015625 0.0240741
0 0.215625 0.42037 0.0322917 0.0240741
0 0.390625 0.375463 0.0125 0.0194444
0 0.514583 0.46713 0.0354167 0.0212963
0 0.689844 0.335185 0.0307292 0.0851852
0 0.391406 0.419907 0.0369792 0.0231481
0 0.345833 0.664815 0.028125 0.0259259
0 0.5125 0.422222 0.034375 0.0203704
0 0.333073 0.331944 0.00989583 0.0212963
0 0.561979 0.421759 0.034375 0.0194444
0 0.691146 0.33287 0.03125 0.0194444
0 0.563802 0.465278 0.0119792 0.0212963
0 0.399479 0.712037 0.0322917 0.0259259
0 0.515104 0.755093 0.0291667 0.0231481
0 0.173177 0.705556 0.0359375 0.0222222
0 0.741146 0.713426 0.0322917 0.0212963
0 0.910677 0.712963 0.0317708 0.0222222
0 0.0544271 0.372222 0.0328125 0.0277778
0 0.686198 0.474537 0.0307292 0.0268519
0 0.172656 0.374537 0.0348958 0.025
0 0.91276 0.380556 0.0505208 0.0259259
0 0.907292 0.429167 0.03125 0.0268519
0 0.395312 0.758333 0.0333333 0.0259259
0 0.389583 0.32963 0.0302083 0.0240741
0 0.220573 0.373611 0.0348958 0.0231481
0 0.347917 0.712037 0.0291667 0.0259259
0 0.564583 0.467593 0.0333333 0.0203704
0 0.85651 0.668519 0.0317708 0.0277778
0 0.169531 0.322685 0.0109375 0.0231481
0 0.338802 0.331481 0.0307292 0.0203704
0 0.564062 0.331019 0.0364583 0.0287037
0 0.513021 0.708333 0.0114583 0.0185185
0 0.732813 0.758333 0.0375 0.0259259
0 0.345833 0.423148 0.0322917 0.0185185
0 0.854948 0.475926 0.0317708 0.0240741
0 0.569271 0.759259 0.03125 0.0166667
0 0.681771 0.424074 0.0125 0.0259259
0 0.670313 0.758796 0.0322917 0.0231481
0 0.34375 0.664815 0.0125 0.0222222
0 0.214062 0.466667 0.0364583 0.0240741
0 0.0552083 0.4625 0.0333333 0.025
0 0.686198 0.375463 0.0171875 0.0212963
0 0.339583 0.464815 0.0364583 0.0259259
0 0.511458 0.755093 0.0114583 0.0194444
0 0.563542 0.469444 0.0354167 0.0851852
0 0.223177 0.758333 0.0348958 0.0277778
0 0.90651 0.758796 0.0369792 0.0268519
0 0.242448 0.662963 0.0182292 0.0259259
0 0.163802 0.4625 0.0130208 0.0212963
0 0.51849 0.662037 0.0119792 0.0222222
0 0.736719 0.378241 0.0119792 0.0212963
0 0.514323 0.464352 0.00989583 0.0175926
0 0.392708 0.419907 0.0104167 0.0231481
0 0.110417 0.668519 0.009375 0.037037
0 0.0486979 0.750926 0.0130208 0.0222222
0 0.213802 0.4625 0.0130208 0.0194444
0 0.213542 0.41713 0.0125 0.0194444
0 0.346354 0.708333 0.0104167 0.0222222
0 0.221615 0.713426 0.0161458 0.025
0 0.514844 0.660185 0.0484375 0.0240741
0 0.567969 0.759259 0.0140625 0.0222222
0 0.907552 0.713426 0.0109375 0.0194444
0 0.55625 0.373148 0.00833333 0.0185185
0 0.392448 0.466204 0.00989583 0.0194444
0 0.678385 0.710185 0.0119792 0.0203704
0 0.855208 0.3375 0.0166667 0.0231481
0 0.73125 0.75787 0.015625 0.0212963
0 0.396094 0.709259 0.0119792 0.0203704
0 0.170833 0.749074 0.015625 0.0222222
0 0.219271 0.323611 0.0177083 0.0268519
0 0.511979 0.333333 0.0114583 0.0185185
0 0.0513021 0.414815 0.0171875 0.0240741
0 0.853906 0.667593 0.0161458 0.0222222
0 0.510417 0.422685 0.0125 0.0175926
0 0.854427 0.42963 0.0161458 0.0222222
0 0.170312 0.659722 0.0166667 0.0268519
0 0.0526042 0.462963 0.0166667 0.0185185
0 0.560938 0.329167 0.0114583 0.0175926
0 0.685156 0.473148 0.0151042 0.0222222
0 0.0526042 0.369907 0.0177083 0.0194444
0 0.34375 0.424074 0.0104167 0.0166667
0 0.560677 0.422222 0.0109375 0.0166667
0 0.905208 0.428704 0.015625 0.0222222
0 0.739062 0.716667 0.0125 0.0240741
0 0.689062 0.333796 0.0114583 0.0231481
0 0.170833 0.375 0.0166667 0.0185185
0 0.3375 0.464815 0.0166667 0.0203704
0 0.853906 0.714352 0.0151042 0.0231481
0 0.738281 0.333796 0.0151042 0.025
0 0.853385 0.475 0.0161458 0.0203704
0 0.220052 0.373611 0.0151042 0.0175926
0 0.669271 0.75787 0.0145833 0.0231481
0 0.220833 0.759259 0.015625 0.0222222
0 0.338542 0.330556 0.0135417 0.0222222
0 0.569792 0.667593 0.015625 0.0240741
0 0.393229 0.756019 0.009375 0.0212963
0 0.389323 0.32963 0.0140625 0.0277778
0 0.904688 0.758796 0.0145833 0.0212963
0 0.34375 0.712037 0.009375 0.0148148
0 0.906771 0.664352 0.0385417 0.037963
0 0.985417 0.17037 0.0260417 0.0888889
0 0.345313 0.380556 0.0427083 0.0462963
0 0.509635 0.375926 0.0442708 0.0425926
0 0.907031 0.712037 0.0484375 0.037037
0 0.245573 0.662963 0.0578125 0.0481481
0 0.559115 0.372222 0.0411458 0.0425926
0 0.517969 0.709722 0.0442708 0.0509259
0 0.0515625 0.415741 0.0510417 0.0537037
0 0.169792 0.324537 0.0447917 0.0509259
0 0.854167 0.428241 0.053125 0.0490741
0 0.519271 0.662963 0.0416667 0.0555556
0 0.565885 0.756944 0.0505208 0.0305556
0 0.386719 0.326852 0.0494792 0.0425926
0 0.21849 0.372685 0.0494792 0.0509259
0 0.1625 0.464352 0.0510417 0.0453704
0 0.852865 0.7125 0.0484375 0.0453704
0 0.21276 0.418056 0.0494792 0.0435185
0 0.21875 0.324537 0.0520833 0.0564815
0 0.336198 0.329167 0.0473958 0.0416667
0 0.390104 0.373148 0.0541667 0.0388889
0 0.903125 0.381944 0.05625 0.0453704
0 0.0520833 0.370833 0.053125 0.0509259
0 0.560938 0.329167 0.0510417 0.0472222
0 0.66875 0.75787 0.0458333 0.0472222
0 0.169531 0.372685 0.0494792 0.0472222
0 0.511719 0.332407 0.0463542 0.0388889
0 0.16901 0.749537 0.0463542 0.0416667
0 0.0463542 0.750463 0.0489583 0.0453704
0 0.509896 0.422222 0.0489583 0.0444444
0 0.390625 0.755556 0.0572917 0.0388889
0 0.734375 0.756481 0.05 0.0462963
0 0.852604 0.474074 0.046875 0.0444444
0 0.0526042 0.460648 0.0510417 0.0453704
0 0.6875 0.378704 0.0458333 0.0425926
0 0.511198 0.465278 0.0484375 0.0398148
0 0.739323 0.711574 0.0453125 0.0435185
0 0.389323 0.418519 0.0536458 0.0407407
0 0.679948 0.709259 0.0473958 0.0462963
0 0.903646 0.755556 0.0552083 0.0481481
0 0.688281 0.331019 0.0442708 0.0398148
0 0.853385 0.666204 0.0526042 0.0453704
0 0.73776 0.334259 0.0453125 0.0407407
0 0.220833 0.708796 0.0489583 0.0435185
0 0.678125 0.425 0.0510417 0.0407407
0 0.852344 0.336574 0.0526042 0.0435185
0 0.3875 0.468981 0.0447917 0.037963
0 0.56901 0.666667 0.0536458 0.0481481
0 0.345833 0.708796 0.0447917 0.0416667
0 0.053125 0.322685 0.053125 0.0509259
0 0.396875 0.709722 0.046875 0.0435185
0 0.336198 0.4625 0.0557292 0.0453704
0 0.211198 0.464352 0.0536458 0.0453704
0 0.56224 0.423148 0.0421875 0.0444444
0 0.904167 0.425463 0.0510417 0.0453704
0 0.73724 0.380093 0.0442708 0.0416667
0 0.345833 0.423148 0.0427083 0.0425926
0 0.220052 0.755556 0.0505208 0.0462963
0 0.110677 0.663426 0.0401042 0.0842593
0 0.170833 0.660648 0.0479167 0.0472222
0 0.561198 0.465741 0.0484375 0.0407407
0 0.685417 0.472685 0.05 0.0546296
0 0.51276 0.751389 0.0442708 0.0435185
0 0.169531 0.705093 0.0484375 0.0435185
0 0.854167 0.379167 0.053125 0.0453704
0 0.344531 0.663426 0.0463542 0.0509259
