0 0.166667 0.323148 0.0479167 0.0425926
0 0.682552 0.469444 0.0463542 0.0444444
0 0.910156 0.663889 0.0494792 0.0425926
0 0.216146 0.320833 0.05 0.0416667
0 0.0489583 0.32037 0.0520833 0.0444444
0 0.850521 0.472222 0.0458333 0.0444444
0 0.340885 0.661574 0.0463542 0.0435185
0 0.566667 0.665741 0.0479167 0.0462963
0 0.219792 0.707407 0.0479167 0.0462963
0 0.511979 0.32963 0.0458333 0.0444444
0 0.509896 0.749074 0.04375 0.0444444
0 0.566406 0.756944 0.0432292 0.0453704
0 0.555208 0.369907 0.040625 0.037963
0 0.21875 0.75463 0.04375 0.0444444
0 0.514323 0.706944 0.0421875 0.0416667
0 0.689062 0.330093 0.0427083 0.0416667
0 0.211719 0.416204 0.0484375 0.0435185
0 0.34375 0.709259 0.0447917 0.0444444
0 0.394792 0.708796 0.0458333 0.0453704
0 0.0471354 0.748148 0.0494792 0.0481481
0 0.238542 0.661111 0.059375 0.0518519
0 0.163021 0.464815 0.0479167 0.0462963
0 0.732552 0.376852 0.0432292 0.0425926
0 0.678646 0.709259 0.0489583 0.0444444
0 0.904688 0.755093 0.0479167 0.0416667
0 0.852344 0.663889 0.0484375 0.0407407
0 0.853906 0.426852 0.0494792 0.0462963
0 0.73099 0.756019 0.0494792 0.0435185
0 0.335417 0.327778 0.0416667 0.0425926
0 0.679167 0.42037 0.046875 0.0425926
0 0.16875 0.746296 0.04375 0.0425926
0 0.386458 0.325926 0.0447917 0.0407407
0 0.907292 0.710648 0.0447917 0.0453704
0 0.211198 0.462963 0.0484375 0.0425926
0 0.507292 0.373148 0.04375 0.0425926
0 0.514323 0.659259 0.0421875 0.0388889
0 0.389323 0.373148 0.0473958 0.0444444
0 0.389323 0.416667 0.0484375 0.0444444
0 0.170052 0.703704 0.0473958 0.0444444
0 0.561719 0.463889 0.0453125 0.0425926
0 0.557552 0.419907 0.0432292 0.0416667
0 0.902865 0.424074 0.0473958 0.0425926
0 0.98125 0.168981 0.0260417 0.0787037
0 0.511979 0.4625 0.0458333 0.0416667
0 0.734115 0.330556 0.0442708 0.0407407
0 0.341406 0.421296 0.0453125 0.0462963
0 0.336198 0.462037 0.0505208 0.0425926
0 0.340625 0.376852 0.0447917 0.0425926
0 0.666406 0.756019 0.0432292 0.0435185
0 0.684115 0.375 0.0463542 0.0444444
0 0.852083 0.711111 0.0447917 0.0444444
0 0.166146 0.65787 0.0489583 0.0453704
0 0.216146 0.370833 0.046875 0.0453704
0 0.0481771 0.368981 0.0515625 0.0435185
0 0.168229 0.370833 0.046875 0.0435185
0 0.509115 0.419444 0.0473958 0.0444444
0 0.0473958 0.414815 0.0489583 0.0425926
0 0.0505208 0.459722 0.0458333 0.0416667
0 0.388281 0.466204 0.0484375 0.0453704
0 0.560677 0.325926 0.0463542 0.0425926
0 0.740104 0.710185 0.0447917 0.0425926
0 0.115365 0.638889 0.0546875 0.0888889
0 0.853646 0.333796 0.053125 0.0435185
0 0.390365 0.75463 0.0484375 0.0407407
0 0.905469 0.379167 0.0536458 0.0435185
0 0.851823 0.378704 0.0536458 0.0462963
