0 0.986979 0.782407 0.0260417 0.0907407
0 0.985937 0.922222 0.028125 0.105556
0 0.649219 0.318056 0.0276042 0.108333
0 0.821875 0.8875 0.0510417 0.087963
0 0.644531 0.675926 0.0255208 0.1
0 0.616927 0.672685 0.0255208 0.0916667
0 0.866406 0.326852 0.0296875 0.105556
0 0.677865 0.67037 0.0255208 0.0944444
0 0.834375 0.571296 0.028125 0.103704
0 0.524479 0.6875 0.0239583 0.102778
0 0.275 0.903704 0.0270833 0.101852
0 0.801562 0.315278 0.0302083 0.102778
0 0.524219 0.909722 0.0255208 0.0990741
0 0.710938 0.209722 0.028125 0.0935185
0 0.679688 0.902778 0.0260417 0.118519
0 0.975 0.818056 0.05 0.10463
0 0.491406 0.908333 0.0244792 0.0944444
0 0.832812 0.209722 0.028125 0.0953704
0 0.586198 0.682407 0.0255208 0.1
0 0.771354 0.575 0.028125 0.101852
0 0.585156 0.905093 0.0276042 0.100926
0 0.428646 0.681944 0.0270833 0.10463
0 0.710938 0.902778 0.0291667 0.105556
0 0.463281 0.675463 0.0244792 0.100926
0 0.646094 0.910185 0.0265625 0.101852
0 0.80625 0.671296 0.0291667 0.103704
0 0.740104 0.675926 0.0260417 0.0944444
0 0.553906 0.684259 0.0265625 0.105556
0 0.864583 0.577315 0.028125 0.106481
0 0.398698 0.905093 0.0255208 0.0990741
0 0.773177 0.208333 0.0286458 0.107407
0 0.46224 0.918981 0.0234375 0.0990741
0 0.55651 0.906482 0.0234375 0.0981481
