0 0.923437 0.704167 0.0260417 0.0712963
0 0.803646 0.835185 0.009375 0.0796296
0 0.805208 0.840278 0.01875 0.0601852
0 0.652083 0.831481 0.0208333 0.087037
0 0.726042 0.830556 0.01875 0.0796296
0 0.770052 0.256481 0.0119792 0.0851852
0 0.878906 0.385648 0.0234375 0.0898148
0 0.575 0.853241 0.0177083 0.0861111
0 0.614844 0.842593 0.0192708 0.0814815
0 0.958594 0.711574 0.0203125 0.0824074
0 0.691406 0.398611 0.0171875 0.0842593
0 0.5375 0.856481 0.0177083 0.0759259
0 0.841667 0.710185 0.0166667 0.0814815
0 0.61224 0.846759 0.00989583 0.0787037
0 0.41875 0.844907 0.0197917 0.0935185
0 0.917448 0.259722 0.0078125 0.075
0 0.649479 0.831944 0.00729167 0.0805556
0 0.845052 0.262963 0.0203125 0.0796296
0 0.766406 0.260185 0.00885417 0.0759259
0 0.461979 0.843056 0.009375 0.087963
0 0.686458 0.835185 0.009375 0.0777778
0 0.846354 0.260185 0.0104167 0.122222
0 0.920573 0.70787 0.0109375 0.0935185
0 0.961458 0.403241 0.0125 0.0861111
0 0.418229 0.845833 0.009375 0.0898148
0 0.729427 0.830556 0.00677083 0.0796296
0 0.692187 0.4 0.009375 0.112963
0 0.466406 0.837963 0.00885417 0.1
0 0.886979 0.82963 0.0104167 0.0833333
0 0.538021 0.855093 0.00729167 0.0842593
0 0.576563 0.850926 0.00833333 0.103704
0 0.88151 0.388426 0.00989583 0.0990741
0 0.878385 0.392593 0.00989583 0.0722222
0 0.806771 0.840278 0.00729167 0.0842593
0 0.617188 0.844444 0.009375 0.0925926
0 0.959896 0.719444 0.00833333 0.0648148
0 0.655208 0.836574 0.009375 0.0861111
0 0.843229 0.718518 0.00729167 0.0574074
0 0.727083 0.836574 0.00729167 0.0527778
0 0.422135 0.844907 0.0078125 0.0916667
0 0.806771 0.8375 0.034375 0.125
0 0.688542 0.838426 0.0260417 0.108333
0 0.463542 0.84213 0.028125 0.128704
0 0.577083 0.851852 0.0291667 0.131481
0 0.88776 0.831481 0.0359375 0.12963
0 0.768229 0.263426 0.025 0.110185
0 0.615625 0.849537 0.0333333 0.130556
0 0.845312 0.2625 0.03125 0.117593
0 0.539323 0.858333 0.0265625 0.12963
0 0.654427 0.835185 0.0328125 0.125926
0 0.728646 0.832407 0.0291667 0.12037
0 0.694271 0.403704 0.0260417 0.124074
0 0.960677 0.71713 0.0338542 0.125
0 0.880208 0.390741 0.0364583 0.12963
0 0.84375 0.713426 0.0270833 0.121296
0 0.920833 0.709722 0.0333333 0.126852
0 0.420833 0.849074 0.0322917 0.12963
0 0.91849 0.2625 0.0265625 0.108333
0 0.96224 0.407407 0.0359375 0.125926
