0 0.27526 0.470833 0.0296875 0.0342593
0 0.0471354 0.473611 0.0265625 0.0324074
0 0.763542 0.473611 0.0239583 0.0342593
0 0.993229 0.815278 0.0114583 0.0212963
0 0.29401 0.890741 0.0536458 0.0333333
0 0.990625 0.823148 0.00625 0.037037
0 0.986719 0.293519 0.0182292 0.0277778
0 0.281771 0.425463 0.0489583 0.037963
0 0.989323 0.352778 0.0203125 0.0851852
0 0.931771 0.417593 0.0583333 0.0333333
0 0.761979 0.353704 0.05 0.0314815
0 0.222656 0.885185 0.0421875 0.0351852
0 0.703385 0.294907 0.0526042 0.0305556
0 0.9875 0.291667 0.00833333 0.0333333
0 0.273958 0.482407 0.0583333 0.0333333
0 0.523958 0.417593 0.0583333 0.0333333
0 0.773958 0.765741 0.0520833 0.037037
0 0.99349 0.818519 0.0109375 0.0851852
0 0.704948 0.47963 0.0536458 0.0296296
0 0.529167 0.487037 0.05 0.0314815
0 0.921615 0.890278 0.0505208 0.0342593
0 0.778646 0.890741 0.0489583 0.0259259
0 0.463021 0.362037 0.0479167 0.0277778
0 0.988542 0.355556 0.0197917 0.0240741
0 0.698698 0.885185 0.0411458 0.0407407
0 0.454167 0.295833 0.0427083 0.037963
0 0.540625 0.647685 0.0447917 0.037963
0 0.992708 0.819907 0.00416667 0.0305556
0 0.704948 0.821296 0.0453125 0.0333333
0 0.463281 0.761574 0.0453125 0.0435185
0 0.988542 0.816204 0.0197917 0.0472222
0 0.20625 0.485648 0.046875 0.0398148
0 0.531771 0.822222 0.0572917 0.037037
0 0.703646 0.758333 0.0416667 0.0444444
0 0.984375 0.8875 0.0260417 0.0268519
0 0.985417 0.357407 0.00729167 0.0314815
0 0.534115 0.826852 0.0265625 0.0333333
0 0.989062 0.358796 0.009375 0.0342593
0 0.915365 0.890741 0.0223958 0.0333333
0 0.215625 0.358333 0.025 0.0333333
0 0.946875 0.291204 0.028125 0.0342593
0 0.697135 0.298148 0.0213542 0.0296296
0 0.698177 0.820833 0.0223958 0.0268519
0 0.983333 0.889352 0.0104167 0.0268519
0 0.75599 0.355093 0.0203125 0.0361111
0 0.0442708 0.356019 0.0333333 0.0398148
0 0.216927 0.880093 0.0223958 0.0287037
0 0.4625 0.825926 0.021875 0.037037
0 0.692187 0.882407 0.0208333 0.0296296
0 0.217448 0.819907 0.0234375 0.0287037
0 0.310156 0.7625 0.0390625 0.037963
0 0.992969 0.818519 0.0140625 0.05
0 0.286979 0.827778 0.0270833 0.0351852
0 0.0450521 0.286574 0.0328125 0.0342593
0 0.527604 0.892593 0.0239583 0.0333333
0 0.45 0.293981 0.0208333 0.0324074
0 0.0460938 0.418056 0.0265625 0.0324074
0 0.20651 0.486111 0.0244792 0.0296296
0 0.0466146 0.883796 0.0255208 0.0398148
0 0.521354 0.292593 0.0208333 0.037037
0 0.520833 0.419907 0.0260417 0.0361111
0 0.929427 0.82037 0.0265625 0.0351852
0 0.283073 0.356019 0.0244792 0.0361111
0 0.699479 0.756481 0.021875 0.0333333
0 0.93099 0.421296 0.0276042 0.0351852
0 0.159115 0.60787 0.0255208 0.0305556
0 0.761979 0.287963 0.0270833 0.0333333
0 0.696875 0.481019 0.0229167 0.0287037
0 0.451042 0.48287 0.0260417 0.0305556
0 0.985417 0.29213 0.0291667 0.0546296
0 0.691667 0.419907 0.0229167 0.0305556
0 0.767969 0.48287 0.0244792 0.0305556
0 0.2875 0.893056 0.0229167 0.037963
0 0.933594 0.4875 0.0255208 0.0324074
0 0.538542 0.642593 0.0177083 0.0388889
0 0.278646 0.284259 0.028125 0.0351852
0 0.210417 0.284722 0.0229167 0.0287037
0 0.524219 0.35787 0.0223958 0.0324074
0 0.45651 0.424537 0.0213542 0.0305556
0 0.7625 0.419907 0.0208333 0.0324074
0 0.277083 0.421296 0.0197917 0.0314815
0 0.936719 0.356944 0.0255208 0.0342593
0 0.21276 0.756481 0.0255208 0.0333333
0 0.274219 0.486574 0.0244792 0.0287037
0 0.771094 0.893056 0.0223958 0.0342593
0 0.520833 0.488889 0.0229167 0.0296296
0 0.458333 0.759259 0.0208333 0.0314815
0 0.0515625 0.48287 0.0260417 0.0305556
0 0.454948 0.363889 0.0203125 0.0296296
0 0.773698 0.760185 0.0223958 0.0388889
0 0.313281 0.761574 0.0859375 0.0546296
0 0.9875 0.352778 0.025 0.0444444
0 0.452083 0.482407 0.0666667 0.0574074
0 0.945833 0.289815 0.0708333 0.0574074
0 0.0460938 0.285185 0.0776042 0.0574074
0 0.161979 0.607407 0.0614583 0.0537037
0 0.0455729 0.416204 0.0692708 0.062037
0 0.0460938 0.352778 0.0796875 0.0666667
0 0.93724 0.355556 0.0682292 0.062963
0 0.528385 0.89213 0.0619792 0.0601852
0 0.929427 0.419444 0.0744792 0.0611111
0 0.521094 0.418519 0.0744792 0.0611111
0 0.0520833 0.482407 0.0614583 0.0592593
0 0.211458 0.286111 0.0645833 0.0611111
0 0.936979 0.485185 0.06875 0.0685185
0 0.69401 0.419907 0.0661458 0.0638889
0 0.279167 0.282407 0.0708333 0.0592593
0 0.272656 0.483796 0.0703125 0.0675926
0 0.21849 0.880556 0.0578125 0.062963
0 0.768229 0.48287 0.059375 0.0564815
0 0.928906 0.82037 0.0671875 0.0648148
0 0.982292 0.8875 0.0354167 0.0601852
0 0.761719 0.2875 0.0682292 0.062037
0 0.536979 0.825 0.0677083 0.0703704
0 0.28776 0.826389 0.0671875 0.0601852
0 0.9125 0.888889 0.0645833 0.0611111
0 0.277083 0.421296 0.0614583 0.0666667
0 0.219271 0.821296 0.0666667 0.062963
0 0.522135 0.356944 0.0734375 0.0657407
0 0.286458 0.89213 0.059375 0.0657407
0 0.213542 0.35463 0.0677083 0.0648148
0 0.694531 0.481019 0.0630208 0.0583333
0 0.21276 0.757407 0.0671875 0.062963
0 0.753906 0.352778 0.0588542 0.0611111
0 0.446875 0.294907 0.0625 0.0601852
0 0.280469 0.354167 0.0692708 0.062037
0 0.69375 0.881481 0.0604167 0.062963
0 0.453906 0.422685 0.0640625 0.0638889
0 0.453646 0.363426 0.065625 0.0583333
0 0.520312 0.291204 0.0625 0.0638889
0 0.20599 0.483796 0.0671875 0.0657407
0 0.695573 0.293519 0.0619792 0.0574074
0 0.696354 0.820833 0.0666667 0.0601852
0 0.760938 0.419907 0.0645833 0.0675926
0 0.770833 0.762037 0.071875 0.0666667
0 0.0460938 0.88287 0.0651042 0.0657407
0 0.461458 0.825926 0.0625 0.0611111
0 0.455208 0.760648 0.0697917 0.0638889
0 0.536458 0.643519 0.0614583 0.0666667
0 0.770312 0.891204 0.0635417 0.0601852
0 0.696875 0.756481 0.0666667 0.0648148
0 0.520573 0.485648 0.0640625 0.0601852
