0 0.853906 0.633796 0.0317708 0.126852
0 0.467187 0.122222 0.0229167 0.116667
0 0.273698 0.875463 0.0244792 0.117593
0 0.210417 0.891667 0.0322917 0.122222
0 0.475521 0.0138889 0.01875 0.012963
0 0.0182292 0.878241 0.0260417 0.113889
0 0.91875 0.12963 0.0385417 0.127778
0 0.479427 0.0134259 0.0557292 0.0268519
0 0.80651 0.865741 0.0317708 0.177778
0 0.729688 0.658333 0.025 0.181481
0 0.342708 0.876852 0.028125 0.12037
0 0.538281 0.858796 0.0192708 0.162037
0 0.477083 0.13287 0.0260417 0.178704
0 0.0270833 0.900926 0.0333333 0.161111
0 0.413021 0.868519 0.0239583 0.172222
0 0.918229 0.651389 0.040625 0.128704
0 0.671875 0.869444 0.021875 0.168519
0 0.471875 0.867593 0.0208333 0.164815
0 0.279687 0.884722 0.0541667 0.223148
0 0.0929687 0.864815 0.0671875 0.196296
0 0.80599 0.841667 0.0619792 0.196296
0 0.476823 0.118981 0.0484375 0.215741
0 0.926823 0.122685 0.0578125 0.206481
0 0.345833 0.880093 0.0479167 0.178704
0 0.926042 0.646296 0.0708333 0.212963
0 0.220313 0.895833 0.05 0.189815
0 0.0283854 0.887963 0.0567708 0.203704
0 0.8625 0.641667 0.053125 0.185185
0 0.413021 0.864352 0.0510417 0.184259
0 0.794271 0.10787 0.05 0.169444
0 0.729167 0.643519 0.05 0.181481
0 0.671094 0.863426 0.0484375 0.178704
0 0.470833 0.8625 0.0458333 0.173148
0 0.53724 0.847685 0.0442708 0.163889
