0 0.186458 0.506019 0.0458333 0.0842593
0 0.388021 0.446759 0.0208333 0.0324074
0 0.863802 0.796296 0.0369792 0.0851852
0 0.590885 0.359722 0.0223958 0.0398148
0 0.85625 0.353241 0.021875 0.037963
0 0.982031 0.734722 0.0265625 0.0212963
0 0.982552 0.364352 0.0130208 0.0453704
0 0.248698 0.395833 0.0390625 0.0361111
0 0.18724 0.497222 0.0421875 0.0259259
0 0.39401 0.401852 0.0411458 0.0851852
0 0.1875 0.739352 0.0260417 0.0361111
0 0.592448 0.815741 0.0213542 0.0425926
0 0.984896 0.340741 0.01875 0.0851852
0 0.246354 0.793519 0.0229167 0.0314815
0 0.982813 0.39537 0.028125 0.0185185
0 0.0536458 0.387037 0.046875 0.0277778
0 0.0546875 0.329167 0.0447917 0.025
0 0.186979 0.821759 0.0260417 0.0398148
0 0.985937 0.785185 0.0239583 0.0851852
0 0.802865 0.388889 0.0463542 0.0185185
0 0.252344 0.841667 0.0484375 0.0240741
0 0.657552 0.732407 0.0411458 0.0296296
0 0.982031 0.502778 0.0286458 0.0851852
0 0.19375 0.385648 0.046875 0.0157407
0 0.601042 0.725 0.0479167 0.0148148
0 0.592969 0.386111 0.0432292 0.0111111
0 0.193229 0.830093 0.0447917 0.0138889
0 0.984635 0.450463 0.0078125 0.0231481
0 0.596354 0.781482 0.040625 0.0296296
0 0.0489583 0.839815 0.0427083 0.0351852
0 0.242188 0.385648 0.04375 0.0305556
0 0.796354 0.5 0.040625 0.0296296
0 0.855729 0.337037 0.0416667 0.0296296
0 0.38724 0.335185 0.0390625 0.0222222
0 0.390625 0.499537 0.0385417 0.0287037
0 0.391406 0.398148 0.0359375 0.0259259
0 0.985677 0.734259 0.0223958 0.0851852
0 0.654688 0.334259 0.0427083 0.0314815
0 0.985937 0.451852 0.01875 0.0851852
0 0.45 0.843056 0.0458333 0.0361111
0 0.454167 0.444907 0.0385417 0.0324074
0 0.594271 0.833796 0.0395833 0.0212963
0 0.805208 0.337037 0.0416667 0.0314815
0 0.598437 0.500463 0.0333333 0.0268519
0 0.983333 0.341204 0.03125 0.0175926
0 0.799219 0.397222 0.0359375 0.0277778
0 0.791146 0.786574 0.040625 0.0324074
0 0.983073 0.730556 0.0109375 0.0296296
0 0.983594 0.387963 0.0328125 0.0166667
0 0.188542 0.331019 0.0375 0.0342593
0 0.984896 0.448611 0.028125 0.0231481
0 0.247396 0.330556 0.0385417 0.037037
0 0.189323 0.729167 0.0369792 0.0361111
0 0.18151 0.497222 0.0192708 0.0240741
0 0.985156 0.786111 0.0265625 0.0203704
0 0.189844 0.780093 0.0442708 0.0287037
0 0.984635 0.502778 0.0307292 0.0185185
0 0.240885 0.44537 0.0411458 0.0351852
0 0.448438 0.338889 0.0333333 0.0259259
0 0.396094 0.448148 0.0359375 0.0425926
0 0.240885 0.501852 0.0380208 0.0314815
0 0.779688 0.844907 0.034375 0.0342593
0 0.98099 0.341667 0.00989583 0.0240741
0 0.597917 0.342593 0.0354167 0.0333333
0 0.984375 0.728704 0.03125 0.0148148
0 0.396354 0.731944 0.040625 0.0342593
0 0.646615 0.388426 0.0359375 0.0305556
0 0.656771 0.500926 0.03125 0.0259259
0 0.449219 0.390741 0.0453125 0.0333333
0 0.860937 0.394907 0.0416667 0.0305556
0 0.448958 0.503704 0.0354167 0.0296296
0 0.657812 0.84537 0.0385417 0.0259259
0 0.0489583 0.493519 0.0385417 0.0277778
0 0.397917 0.789352 0.0375 0.0324074
0 0.248958 0.7875 0.040625 0.0342593
0 0.790625 0.448148 0.0427083 0.0351852
0 0.590625 0.446296 0.0416667 0.0333333
0 0.0463542 0.439815 0.01875 0.0259259
0 0.598177 0.730556 0.0390625 0.0314815
0 0.984635 0.787963 0.0109375 0.0240741
0 0.457292 0.788426 0.0416667 0.0324074
0 0.98099 0.393519 0.0109375 0.0222222
0 0.589844 0.39213 0.0390625 0.0287037
0 0.0471354 0.387037 0.0203125 0.0277778
0 0.851562 0.841667 0.0260417 0.0314815
0 0.0486979 0.493981 0.0151042 0.0231481
0 0.649219 0.445833 0.0421875 0.0324074
0 0.245573 0.844907 0.0151042 0.0231481
0 0.0473958 0.331019 0.0208333 0.0231481
0 0.451042 0.84213 0.0239583 0.0305556
0 0.239583 0.498148 0.0166667 0.0277778
0 0.445052 0.337963 0.0140625 0.0222222
0 0.267188 0.731944 0.0270833 0.0268519
0 0.654948 0.498611 0.0140625 0.025
0 0.590365 0.837037 0.0140625 0.0259259
0 0.245573 0.389815 0.0171875 0.0222222
0 0.596615 0.728704 0.0140625 0.0259259
0 0.390625 0.397222 0.0145833 0.0240741
0 0.791146 0.786574 0.0145833 0.0268519
0 0.395052 0.7875 0.0130208 0.0268519
0 0.797656 0.393519 0.0151042 0.0259259
0 0.392188 0.731944 0.0145833 0.0268519
0 0.986979 0.45 0.0104167 0.0314815
0 0.983594 0.503241 0.0109375 0.0231481
0 0.984115 0.390741 0.00989583 0.0259259
0 0.984635 0.340278 0.00989583 0.025
0 0.596875 0.784259 0.0145833 0.0240741
0 0.386198 0.496296 0.0203125 0.0240741
0 0.595312 0.494907 0.0135417 0.0268519
0 0.594531 0.339352 0.0140625 0.025
0 0.449219 0.391667 0.0171875 0.0222222
0 0.188542 0.782407 0.01875 0.0259259
0 0.245052 0.330093 0.0161458 0.0212963
0 0.185417 0.32963 0.0208333 0.0259259
0 0.647917 0.445833 0.015625 0.0231481
0 0.447656 0.498611 0.0140625 0.0231481
0 0.860677 0.786111 0.0140625 0.0259259
0 0.652344 0.336574 0.0182292 0.0305556
0 0.450781 0.443056 0.0203125 0.025
0 0.790625 0.448148 0.0166667 0.0259259
0 0.386458 0.338426 0.0166667 0.025
0 0.247396 0.785185 0.0166667 0.0259259
0 0.854948 0.395833 0.0182292 0.0287037
0 0.240104 0.443056 0.015625 0.0268519
0 0.454688 0.788426 0.01875 0.025
0 0.39375 0.44537 0.0135417 0.0277778
0 0.644271 0.388889 0.0125 0.0185185
0 0.588802 0.447685 0.0171875 0.0287037
0 0.794531 0.505093 0.0140625 0.0212963
0 0.855208 0.34213 0.015625 0.025
0 0.660156 0.733796 0.0161458 0.0305556
0 0.0450521 0.8375 0.0161458 0.0231481
0 0.188021 0.390278 0.01875 0.0268519
0 0.186198 0.725926 0.0213542 0.0240741
0 0.776042 0.844444 0.0125 0.0259259
0 0.803906 0.339815 0.0171875 0.0259259
0 0.188021 0.835185 0.0166667 0.0277778
0 0.588542 0.391667 0.0177083 0.0240741
0 0.65625 0.844444 0.0104167 0.0240741
0 0.269792 0.73287 0.0677083 0.0490741
0 0.0453125 0.3875 0.0614583 0.0546296
0 0.38776 0.396296 0.0494792 0.0462963
0 0.0450521 0.330093 0.0619792 0.0564815
0 0.652865 0.336111 0.0588542 0.062963
0 0.452604 0.841667 0.0614583 0.0611111
0 0.852865 0.840741 0.0661458 0.0592593
0 0.185156 0.330093 0.0578125 0.0546296
0 0.24375 0.32963 0.059375 0.0537037
0 0.244271 0.389352 0.0583333 0.0564815
0 0.178125 0.500463 0.0541667 0.0472222
0 0.186198 0.727315 0.0609375 0.0546296
0 0.0440104 0.835648 0.0588542 0.062037
0 0.64375 0.3875 0.0520833 0.0509259
0 0.39375 0.446296 0.0572917 0.062963
0 0.3875 0.496759 0.0583333 0.0472222
0 0.447396 0.443519 0.0635417 0.0537037
0 0.777083 0.843056 0.0552083 0.0546296
0 0.982552 0.341667 0.0348958 0.0518519
0 0.788802 0.786111 0.0609375 0.0518519
0 0.394531 0.787037 0.0546875 0.05
0 0.659375 0.736111 0.0583333 0.05
0 0.386198 0.338889 0.0484375 0.0518519
0 0.981771 0.390278 0.0364583 0.0453704
0 0.0450521 0.440741 0.0598958 0.0537037
0 0.983594 0.451389 0.0328125 0.0527778
0 0.186458 0.387963 0.0572917 0.0537037
0 0.983854 0.787963 0.0322917 0.0462963
0 0.860677 0.7875 0.0557292 0.0490741
0 0.803646 0.338889 0.05625 0.0518519
0 0.186719 0.832407 0.0588542 0.0518519
0 0.238281 0.443519 0.0588542 0.0574074
0 0.982292 0.504167 0.0354167 0.0453704
0 0.446875 0.390741 0.0614583 0.0574074
0 0.588542 0.835185 0.0520833 0.0518519
0 0.854167 0.340278 0.05625 0.0527778
0 0.854427 0.393519 0.0515625 0.0555556
0 0.594271 0.340278 0.05625 0.0509259
0 0.0473958 0.493056 0.0604167 0.0490741
0 0.393229 0.731944 0.0552083 0.0564815
0 0.595052 0.785185 0.0567708 0.0518519
0 0.245573 0.785648 0.0609375 0.0527778
0 0.594792 0.728241 0.05625 0.0490741
0 0.788542 0.447222 0.0635417 0.0592593
0 0.795833 0.393056 0.0541667 0.0490741
0 0.588281 0.444907 0.0598958 0.0564815
0 0.655469 0.843982 0.0557292 0.0509259
0 0.586198 0.390278 0.0557292 0.0490741
0 0.79401 0.503241 0.0578125 0.0546296
0 0.245312 0.841667 0.0541667 0.0537037
0 0.595052 0.496759 0.0536458 0.0472222
0 0.454427 0.787037 0.0588542 0.0555556
0 0.23724 0.498148 0.0578125 0.05
0 0.446094 0.5 0.0546875 0.0481481
0 0.445312 0.335185 0.0489583 0.0481481
0 0.983073 0.731944 0.0338542 0.0435185
0 0.647396 0.444444 0.059375 0.0574074
0 0.188021 0.77963 0.053125 0.0537037
0 0.653646 0.497222 0.0510417 0.0462963
