0 0.641847 0.383731 0.0498624 0.0424759
0 0.236443 0.496967 0.0545653 0.0483672
0 0.391295 0.444958 0.0516809 0.0488444
0 0.594581 0.780734 0.0501335 0.0460231
0 0.391766 0.728858 0.0540563 0.0504707
0 0.242665 0.384555 0.0537967 0.0459976
0 0.245217 0.838704 0.0537302 0.0494342
0 0.449108 0.83853 0.0543868 0.0509277
0 0.648509 0.332034 0.0554923 0.048594
0 0.652454 0.496218 0.0505262 0.0490915
0 0.646321 0.441515 0.0513069 0.0435343
0 0.595252 0.726526 0.047994 0.0472028
0 0.789372 0.445875 0.0562861 0.0529212
0 0.447458 0.389297 0.0557679 0.0509741
0 0.65685 0.731853 0.0554086 0.0532462
0 0.455171 0.785311 0.0531821 0.0486874
0 0.445749 0.499547 0.05197 0.0449198
0 0.585465 0.385324 0.0521198 0.0481918
0 0.186856 0.384815 0.0540545 0.0455157
0 0.182063 0.327025 0.0565823 0.0480684
0 0.237938 0.441195 0.0531963 0.0441975
0 0.188501 0.781159 0.0538047 0.0476391
0 0.2413 0.325955 0.058416 0.0460548
0 0.246454 0.784563 0.0539142 0.0467957
0 0.44747 0.440456 0.0568265 0.0443442
0 0.394666 0.784691 0.0495589 0.0479583
0 0.444147 0.333524 0.0495567 0.045927
0 0.180439 0.495039 0.056028 0.0511407
0 0.802132 0.335876 0.055005 0.0471361
0 0.589738 0.493968 0.0591845 0.049899
0 0.982721 0.449128 0.0345583 0.0538372
0 0.187507 0.829694 0.0497449 0.0469286
0 0.592314 0.337688 0.0531075 0.0445632
0 0.588543 0.440557 0.056131 0.0463593
0 0.791359 0.500024 0.0563341 0.0494749
0 0.65615 0.842003 0.0507712 0.0481581
0 0.383092 0.335625 0.0479675 0.04728
0 0.98172 0.729213 0.03656 0.0483242
0 0.584224 0.831323 0.0599313 0.0503274
0 0.79491 0.388976 0.0561929 0.0473972
0 0.859801 0.785594 0.0510139 0.0475796
0 0.184306 0.724145 0.0549982 0.0562794
0 0.982048 0.502897 0.0359044 0.0446667
0 0.773731 0.839254 0.0535995 0.0495974
0 0.268554 0.729341 0.0694819 0.0535664
0 0.853575 0.390022 0.0506185 0.0472666
0 0.0432332 0.831845 0.0576175 0.0555268
0 0.980667 0.389317 0.0386658 0.0509833
0 0.389991 0.394721 0.0515671 0.0456957
0 0.0436433 0.384719 0.0621904 0.0496406
0 0.849612 0.838155 0.060365 0.0523297
0 0.983753 0.781115 0.032493 0.0525253
0 0.0479383 0.489637 0.0518408 0.0458934
0 0.98115 0.337968 0.0377007 0.0475323
0 0.788253 0.783307 0.0559049 0.0509637
0 0.0451942 0.325474 0.0626767 0.0466699
0 0.0442098 0.438206 0.0582884 0.0479639
0 0.385607 0.493138 0.0578162 0.0470861
0 0.38779 0.686682 0.0711847 0.0336155
0 0.134953 0.785952 0.0293806 0.0403065
0 0.898962 0.802427 0.0229368 0.0418059
0 0.384703 0.536784 0.0628728 0.0386879
0 0.375892 0.622936 0.0106007 0.0201226
0 0.0397457 0.533692 0.0792863 0.036867
