0 0.730689 0.66037 0.0345619 0.100496
0 0.491664 0.760907 0.0278259 0.0930124
0 0.359953 0.939442 0.0301757 0.0975624
0 0.626786 0.94562 0.0259496 0.0882733
0 0.251614 0.940927 0.0269818 0.0894582
0 0.570966 0.945883 0.0296015 0.0987759
0 0.677807 0.659008 0.0324833 0.0965
0 0.703842 0.44387 0.0295476 0.0910008
0 0.678889 0.345424 0.0334442 0.0992177
0 0.411547 0.945199 0.0317684 0.107477
0 0.519118 0.942515 0.0294565 0.0972818
0 0.628044 0.351091 0.0249982 0.0780231
0 0.466889 0.943372 0.0301298 0.0983083
0 0.520175 0.757555 0.02826 0.0874792
0 0.759594 0.455099 0.0287766 0.0870399
0 0.546903 0.749811 0.0246087 0.0863243
0 0.723072 0.933656 0.0375699 0.0669066
0 0.732557 0.350189 0.0313479 0.0787786
0 0.934708 0.87365 0.0401446 0.0651195
0 0.573518 0.751043 0.0282856 0.0924551
0 0.861289 0.877696 0.0475873 0.0760942
0 0.600702 0.746628 0.0240873 0.0744649
0 0.98134 0.63506 0.0373198 0.069803
0 0.415825 0.743197 0.0272202 0.102179
0 0.574788 0.4255 0.0325999 0.133804
0 0.385871 0.715768 0.0295571 0.169201
0 0.876197 0.965076 0.0474202 0.0690333
0 0.967655 0.841808 0.0241791 0.0431924
0 0.102605 0.39667 0.0245801 0.186799
0 0.457309 0.702175 0.0127775 0.189449
0 0.80901 0.957851 0.0638046 0.0839491
