0 0.679267 0.896592 0.0320201 0.120088
0 0.586186 0.679047 0.0314206 0.110738
0 0.645764 0.900591 0.0348607 0.114809
0 0.711016 0.898239 0.0312312 0.106983
0 0.397735 0.896532 0.0346961 0.109022
0 0.460629 0.903012 0.0323816 0.122726
0 0.523218 0.899752 0.0361642 0.115287
0 0.771583 0.20194 0.0360037 0.111419
0 0.584498 0.899986 0.0336759 0.111626
0 0.769455 0.564682 0.0374522 0.111557
0 0.710427 0.207275 0.030572 0.0971459
0 0.866005 0.326915 0.0319005 0.104011
0 0.276895 0.894396 0.0335307 0.108654
0 0.834107 0.206791 0.0310397 0.0900605
0 0.553234 0.684235 0.0325864 0.108735
0 0.805918 0.659716 0.0323219 0.120426
0 0.618051 0.67378 0.0296646 0.0967955
0 0.977478 0.809776 0.0450442 0.103781
0 0.821402 0.884856 0.0441911 0.0800811
0 0.427408 0.676877 0.0298779 0.110811
0 0.801239 0.311443 0.0315075 0.09986
0 0.676801 0.668887 0.0308029 0.0873627
0 0.649521 0.318781 0.0304982 0.116324
0 0.863239 0.578298 0.0390183 0.132617
0 0.462217 0.6715 0.033527 0.111162
0 0.989424 0.91614 0.0210862 0.0657519
0 0.846365 0.707244 0.0177785 0.0373178
0 0.0969446 0.26725 0.0351518 0.214952
0 0.304934 0.810184 0.024774 0.0563562
0 0.494748 0.665215 0.0299489 0.124287
