0 0.976535 0.408568 0.0469294 0.0647576
0 0.972395 0.328309 0.0552097 0.0670587
0 0.689287 0.249488 0.0806508 0.0735346
0 0.701865 0.757017 0.0746033 0.0842525
0 0.695246 0.924137 0.0797799 0.0750762
0 0.98148 0.759385 0.0370394 0.0711652
0 0.90512 0.914215 0.0724926 0.0750595
0 0.597645 0.404767 0.0850632 0.0697637
0 0.60517 0.259602 0.0718201 0.0725351
0 0.703408 0.844172 0.0759547 0.0719277
0 0.967968 0.246176 0.0633073 0.0650078
0 0.688866 0.326307 0.0875973 0.0709665
0 0.686875 0.411955 0.0762052 0.0681416
0 0.607104 0.761869 0.079385 0.0693965
0 0.61174 0.843708 0.0750936 0.0712406
0 0.683393 0.170594 0.0758327 0.0709595
0 0.970451 0.16683 0.0590978 0.0734853
0 0.907223 0.406052 0.0846437 0.0680687
0 0.390006 0.84763 0.0789205 0.0744222
0 0.604539 0.334162 0.0751266 0.0710901
0 0.302267 0.841715 0.0774237 0.0707827
0 0.376461 0.411187 0.077794 0.0742955
0 0.3858 0.246797 0.0754578 0.0685384
0 0.301713 0.2464 0.0787008 0.0752031
0 0.897586 0.329113 0.0885184 0.0684004
0 0.912355 0.753385 0.0715556 0.0667783
0 0.912162 0.836687 0.0769643 0.0734113
0 0.594198 0.174156 0.0696241 0.067384
0 0.389221 0.928872 0.0726524 0.0738905
0 0.899982 0.176395 0.0781624 0.0682706
0 0.300954 0.917512 0.0736544 0.0676788
0 0.296088 0.161747 0.0828416 0.0722889
0 0.378581 0.330553 0.074971 0.0717468
0 0.0788538 0.924812 0.0866093 0.0781747
0 0.982412 0.927834 0.0351761 0.067598
0 0.383215 0.159409 0.0845468 0.0731094
0 0.296257 0.756086 0.0813798 0.070541
0 0.0881068 0.244729 0.0905986 0.0731501
0 0.091439 0.160649 0.0904013 0.0728855
0 0.0874845 0.323838 0.0843312 0.0685157
0 0.0925621 0.402984 0.0754258 0.0683431
0 0.295329 0.408854 0.073503 0.0670033
0 0.220089 0.845742 0.041256 0.0517336
0 0.0211806 0.100153 0.0423612 0.037486
0 0.436448 0.763419 0.0769407 0.0786274
0 0.575325 0.0977261 0.0287028 0.0507346
0 0.117509 0.0948845 0.0313155 0.0470052
0 0.0220864 0.0612935 0.0441729 0.028081
0 0.581385 0.626709 0.0412693 0.0906171
0 0.977967 0.708983 0.00845528 0.0198518
0 0.870094 0.0983661 0.0346116 0.0554833
0 0.0213376 0.261211 0.0426752 0.0313748
0 0.0255677 0.0271457 0.0445124 0.0393047
0 0.994824 0.102911 0.0100937 0.0424281
