0 0.765981 0.258993 0.039011 0.119161
0 0.921167 0.700941 0.0396183 0.134175
0 0.959089 0.405637 0.0416168 0.124672
0 0.574603 0.848806 0.0385485 0.134116
0 0.729078 0.827664 0.0382973 0.109868
0 0.840417 0.699933 0.0467026 0.135316
0 0.689844 0.836506 0.0392565 0.123721
0 0.464428 0.835699 0.0382813 0.129703
0 0.844915 0.252596 0.0423135 0.136751
0 0.879879 0.392422 0.0399752 0.126072
0 0.614649 0.843785 0.0388349 0.125873
0 0.886958 0.83152 0.0396451 0.124381
0 0.917899 0.256907 0.0404457 0.114221
0 0.692966 0.39328 0.0348295 0.137847
0 0.421992 0.842846 0.0371646 0.12853
0 0.505031 0.800729 0.0300994 0.0820257
0 0.962094 0.702495 0.039424 0.136598
0 0.237899 0.313641 0.026433 0.046643
0 0.892761 0.69945 0.0123492 0.129084
