0 0.729594 0.646818 0.0531333 0.184032
0 0.412298 0.853947 0.0527229 0.188764
0 0.473982 0.12316 0.0532706 0.198093
0 0.53803 0.842846 0.0506684 0.177687
0 0.469976 0.856205 0.0518969 0.181099
0 0.788174 0.10632 0.0574309 0.196644
0 0.801434 0.847429 0.0565987 0.199363
0 0.669387 0.854954 0.0562475 0.185625
0 0.347468 0.877145 0.0564559 0.195744
0 0.218425 0.890057 0.0588969 0.196371
0 0.281174 0.881815 0.0561971 0.210222
0 0.858298 0.632342 0.0593218 0.206293
0 0.923473 0.649261 0.0636805 0.191645
0 0.92237 0.135371 0.0609548 0.200887
0 0.0262376 0.879376 0.0523032 0.193596
0 0.887463 0.925107 0.0344765 0.070194
0 0.901058 0.790554 0.0467716 0.0715491
0 0.0902434 0.867428 0.0681811 0.194982
0 0.380161 0.863818 0.00678864 0.182095
