0 0.341949 0.41914 0.0452642 0.0451252
0 0.210706 0.463658 0.0473415 0.0447404
0 0.343969 0.707449 0.0437864 0.0408049
0 0.562494 0.464143 0.0425756 0.0398339
0 0.504901 0.748715 0.0520023 0.0442416
0 0.559666 0.324569 0.0455978 0.0410956
0 0.218489 0.707921 0.0472373 0.0416332
0 0.218494 0.753086 0.0448176 0.0434574
0 0.390462 0.753434 0.0467681 0.0417148
0 0.17018 0.704943 0.046757 0.043479
0 0.387746 0.466426 0.0446004 0.0414708
0 0.511518 0.329411 0.0465389 0.0435098
0 0.386241 0.324315 0.0423158 0.0400468
0 0.395532 0.708263 0.0452005 0.0420449
0 0.341809 0.659971 0.0450438 0.0446422
0 0.675709 0.705355 0.0501119 0.0481572
0 0.335115 0.328506 0.0407602 0.0436569
0 0.557754 0.41862 0.042808 0.0362653
0 0.906726 0.708836 0.0447009 0.0421571
0 0.567231 0.664395 0.0465566 0.0429955
0 0.166742 0.657447 0.0462406 0.0461074
0 0.38879 0.372875 0.048531 0.0421776
0 0.666075 0.753539 0.0435254 0.0457933
0 0.514771 0.661033 0.0398707 0.0426964
0 0.114959 0.639673 0.0469122 0.0696691
0 0.851737 0.71083 0.0427968 0.0389914
0 0.904231 0.753834 0.0457581 0.0409963
0 0.508748 0.416174 0.0463865 0.0432353
0 0.389374 0.415444 0.0483232 0.0421805
0 0.681852 0.467515 0.0472701 0.0434137
0 0.904169 0.378255 0.0538386 0.0501735
0 0.511696 0.462831 0.0467089 0.0420963
0 0.168715 0.367565 0.0465982 0.0418313
0 0.238053 0.661629 0.0586876 0.0458957
0 0.852776 0.663638 0.05047 0.0439333
0 0.565196 0.758829 0.0453334 0.0448321
0 0.211759 0.415121 0.0457925 0.0402564
0 0.163859 0.462293 0.0457468 0.0439695
0 0.165365 0.319511 0.0478083 0.042656
0 0.729981 0.754985 0.0502914 0.0477965
0 0.0470168 0.748316 0.0477903 0.0448455
0 0.514033 0.706246 0.0429045 0.0390821
0 0.68975 0.330128 0.0429722 0.0450135
0 0.901486 0.424185 0.0473265 0.0405699
0 0.216273 0.368754 0.0457718 0.040886
0 0.850754 0.376713 0.052066 0.047375
0 0.678082 0.421548 0.0465267 0.0466388
0 0.982628 0.16764 0.0347434 0.0745649
0 0.91321 0.653626 0.0540414 0.062434
0 0.851134 0.471397 0.0474559 0.0396976
0 0.0514303 0.456814 0.0449417 0.0400122
0 0.733991 0.330247 0.0440811 0.0412246
0 0.0478376 0.367588 0.0533164 0.0426079
0 0.73859 0.71026 0.0437317 0.041038
0 0.853676 0.329953 0.0534976 0.0451137
0 0.731176 0.374378 0.0441566 0.0410643
0 0.0483389 0.412733 0.0504378 0.0439784
0 0.124538 0.706289 0.0273382 0.0334337
0 0.0487076 0.319823 0.0531101 0.0385929
0 0.214876 0.319414 0.0508336 0.0400821
0 0.335544 0.496393 0.0526553 0.0331831
0 0.506668 0.371368 0.0427392 0.0376211
0 0.336614 0.372792 0.0478256 0.0440109
0 0.153787 0.775399 0.0575063 0.0225601
0 0.771237 0.723925 0.0168706 0.0359689
0 0.994176 0.697362 0.0114082 0.174957
0 0.328976 0.571898 0.00927544 0.0183501
0 0.554154 0.369694 0.0410756 0.0362914
0 0.312315 0.0102491 0.00926997 0.0204981
0 0.0390112 0.494173 0.0780223 0.0304168
