0 0.731323 0.648085 0.0551575 0.188067
0 0.411364 0.858717 0.0530396 0.187839
0 0.537791 0.847131 0.0505147 0.176699
0 0.473356 0.124695 0.0536443 0.199689
0 0.670018 0.858835 0.0561291 0.185526
0 0.216515 0.894065 0.0586069 0.196169
0 0.469446 0.858918 0.0519256 0.184762
0 0.788774 0.106895 0.0584811 0.197828
0 0.346389 0.881708 0.0581666 0.196539
0 0.803317 0.852889 0.0578092 0.201483
0 0.924557 0.134558 0.0615818 0.200237
0 0.277982 0.886887 0.0602168 0.210002
0 0.860115 0.631945 0.0609595 0.210322
0 0.891631 0.930566 0.0366536 0.0693839
0 0.925176 0.648067 0.0641438 0.203336
0 0.906394 0.794891 0.0399862 0.0713169
0 0.086521 0.871197 0.073522 0.201201
0 0.379607 0.871334 0.00733541 0.183927
0 0.0238868 0.88819 0.0476345 0.187436
0 0.974029 0.811037 0.0166064 0.0268639
