0 0.753937 0.579559 0.100424 0.0832241
0 0.0373445 0.931707 0.074689 0.136585
0 0.755498 0.46862 0.103078 0.0872696
0 0.631063 0.807003 0.10552 0.0970924
0 0.318049 0.573158 0.10072 0.0869335
0 0.649706 0.466972 0.102401 0.0849967
0 0.752984 0.684996 0.107 0.098277
0 0.339672 0.805026 0.10136 0.095977
0 0.624136 0.692775 0.106451 0.0909668
0 0.599519 0.360724 0.0353202 0.0639556
0 0.63594 0.5793 0.106239 0.0860157
0 0.989142 0.568116 0.0216629 0.0865936
0 0.218192 0.805019 0.102106 0.0999821
0 0.329459 0.691571 0.101163 0.0882435
0 0.784024 0.358455 0.0347382 0.0589544
0 0.182112 0.366055 0.0371002 0.0661161
0 0.372897 0.0384886 0.0412225 0.071015
0 0.99095 0.465981 0.0180993 0.0788873
0 0.182758 0.197369 0.03609 0.0633072
0 0.599437 0.193658 0.0361717 0.0626129
0 0.207534 0.694581 0.115096 0.0965602
0 0.37065 0.360873 0.0344365 0.0612039
0 0.213233 0.480952 0.116972 0.0854854
0 0.330071 0.464619 0.104749 0.0971425
0 0.371268 0.187419 0.036806 0.0795288
0 0.09801 0.0839785 0.0336902 0.0364352
0 0.989264 0.730226 0.0213509 0.210039
0 0.846526 0.108595 0.0433907 0.0646234
0 0.306163 0.122908 0.0199457 0.0380566
0 0.985623 0.262964 0.0287535 0.09264
0 0.747753 0.969309 0.0159966 0.0613829
