0 0.532395 0.822906 0.0608205 0.0569571
0 0.932088 0.48352 0.0646447 0.057115
0 0.520006 0.485929 0.0602768 0.0534498
0 0.518607 0.28687 0.0612655 0.0576351
0 0.698283 0.753686 0.0559619 0.0565231
0 0.27288 0.482207 0.0655601 0.0580453
0 0.522471 0.354241 0.0669074 0.0563203
0 0.277546 0.280363 0.0676762 0.0551544
0 0.285751 0.825113 0.0636698 0.0583997
0 0.536658 0.641187 0.0596605 0.0657541
0 0.454573 0.360708 0.0599492 0.0559564
0 0.446484 0.289186 0.0557124 0.0558928
0 0.279757 0.351891 0.0622008 0.051624
0 0.75349 0.347199 0.0620532 0.0531368
0 0.458563 0.758806 0.0635583 0.0559536
0 0.762128 0.284564 0.065682 0.0573851
0 0.522761 0.415877 0.0691933 0.0528731
0 0.456685 0.422327 0.060981 0.0547995
0 0.274797 0.4176 0.0619946 0.0525422
0 0.689427 0.414617 0.0681498 0.0569244
0 0.770718 0.751242 0.0694806 0.08019
0 0.460534 0.822043 0.0591543 0.0544321
0 0.525526 0.887305 0.0626002 0.0598132
0 0.285611 0.888556 0.0593203 0.0590807
0 0.212164 0.753567 0.0638051 0.0625891
0 0.929772 0.417119 0.0704168 0.0619696
0 0.759352 0.414976 0.0643687 0.0536761
0 0.936105 0.35332 0.0674797 0.0536719
0 0.21384 0.351729 0.0638286 0.0541713
0 0.217549 0.82026 0.0620937 0.0569466
0 0.697819 0.818455 0.0602267 0.0586726
0 0.766403 0.477061 0.0610959 0.056886
0 0.691353 0.877742 0.058725 0.0577702
0 0.312195 0.759604 0.0805589 0.0621444
0 0.695836 0.48001 0.0648964 0.0623211
0 0.206108 0.483095 0.0642253 0.0531944
0 0.449831 0.479019 0.0682784 0.0535596
0 0.911157 0.885267 0.0643721 0.0661967
0 0.0438015 0.35278 0.0726352 0.0585537
0 0.927891 0.818479 0.0691508 0.0610784
0 0.987126 0.35378 0.0257482 0.0444392
0 0.207754 0.282221 0.0659135 0.0591154
0 0.692894 0.291823 0.0642696 0.054034
0 0.944062 0.287386 0.066686 0.0571776
0 0.045184 0.414313 0.0683426 0.0569097
0 0.216522 0.877572 0.0595825 0.0555636
0 0.0495311 0.47838 0.0605212 0.0541083
0 0.0454267 0.88206 0.0654403 0.0634497
0 0.158971 0.606373 0.0641312 0.0537688
0 0.770577 0.890186 0.059741 0.0565891
0 0.0451621 0.282832 0.074041 0.0572767
0 0.982567 0.88511 0.0348668 0.0562907
0 0.154248 0.823081 0.0318208 0.0468183
0 0.448894 0.530082 0.0804476 0.0405568
0 0.991419 0.81812 0.0168828 0.0527145
0 0.44095 0.631633 0.0201301 0.030958
0 0.456497 0.709476 0.089665 0.0406255
0 0.432563 0.228677 0.0238212 0.0444862
0 0.523805 0.450762 0.0681967 0.0152578
0 0.779124 0.531096 0.0536903 0.050144
0 0.0438272 0.529431 0.0876543 0.0430474
0 0.0062136 0.140464 0.0123932 0.0260542
