0 0.423494 0.883082 0.0416715 0.1608
0 0.843756 0.156381 0.0456067 0.133916
0 0.566929 0.329242 0.0418345 0.148998
0 0.795288 0.314506 0.0446749 0.146056
0 0.806071 0.857524 0.0421551 0.15211
0 0.710077 0.861963 0.0443509 0.139283
0 0.236215 0.87994 0.0448119 0.146201
0 0.522526 0.862728 0.0399781 0.142859
0 0.475231 0.877638 0.0437967 0.148682
0 0.893875 0.335662 0.0453803 0.149154
0 0.75191 0.14914 0.047087 0.162991
0 0.613169 0.852758 0.0370843 0.133755
0 0.75235 0.700211 0.045384 0.158756
0 0.656764 0.162563 0.0425982 0.136145
0 0.895229 0.700735 0.0481464 0.165255
0 0.563802 0.865546 0.0415909 0.13944
0 0.847921 0.695755 0.0429877 0.160535
0 0.286599 0.870598 0.0474473 0.150443
0 0.378105 0.888235 0.0443556 0.14855
0 0.877343 0.818679 0.0291223 0.0519808
0 0.870145 0.913437 0.0255759 0.0643629
0 0.564905 0.20724 0.0396042 0.0901961
0 0.814195 0.684047 0.0102313 0.131228
