0 0.753042 0.618595 0.105887 0.0943062
0 0.755917 0.402992 0.101637 0.0869164
0 0.320861 0.511118 0.101503 0.0860757
0 0.631535 0.740591 0.104629 0.093546
0 0.636659 0.513588 0.106931 0.0867813
0 0.222027 0.737208 0.104656 0.0971598
0 0.599801 0.298466 0.0346319 0.0632961
0 0.648842 0.401398 0.103907 0.0888595
0 0.749058 0.899529 0.0162572 0.0903762
0 0.990753 0.40293 0.0184942 0.0813963
0 0.624578 0.626175 0.105555 0.0900206
0 0.331927 0.626436 0.102411 0.089949
0 0.987898 0.499531 0.024155 0.0968146
0 0.185415 0.300942 0.0360813 0.0626216
0 0.599984 0.129489 0.035584 0.0623954
0 0.373179 0.29862 0.0349632 0.0599416
0 0.783428 0.295507 0.0357263 0.0631665
0 0.755293 0.51402 0.0973188 0.078986
0 0.210917 0.627623 0.108948 0.0913647
0 0.37326 0.13276 0.0359165 0.0695678
0 0.341174 0.737787 0.0978808 0.0932344
0 0.0991091 0.0193243 0.0367558 0.0386487
0 0.223155 0.902445 0.0156534 0.0879743
0 0.216436 0.412794 0.113308 0.0819133
0 0.083578 0.0920199 0.0314627 0.0420536
0 0.186322 0.132474 0.0349177 0.0619478
0 0.341004 0.394586 0.0494526 0.068651
0 0.988124 0.663613 0.0236464 0.212105
0 0.845078 0.0582288 0.0413467 0.0824808
0 0.981346 0.803851 0.0373084 0.0622059
0 0.781786 0.132506 0.0398293 0.0660484
0 0.987953 0.938983 0.0240949 0.0432298
