0 0.341592 0.378119 0.0430662 0.0381293
0 0.90463 0.754438 0.0463028 0.0424212
0 0.568065 0.664304 0.0460762 0.0435269
0 0.336734 0.460897 0.0486387 0.0441049
0 0.505908 0.748927 0.051519 0.0442612
0 0.563205 0.464614 0.0421466 0.0409849
0 0.666619 0.752809 0.043973 0.0466396
0 0.396186 0.70816 0.0460467 0.0420776
0 0.389651 0.373956 0.0486117 0.0447919
0 0.566048 0.760351 0.0453018 0.0457819
0 0.558902 0.418756 0.042684 0.0384243
0 0.509341 0.417908 0.0463498 0.0436726
0 0.907514 0.708427 0.0451502 0.0427141
0 0.344832 0.70773 0.0433339 0.040505
0 0.853016 0.663299 0.0507001 0.0437473
0 0.391067 0.752747 0.0475906 0.0412351
0 0.219672 0.70777 0.0469465 0.0414616
0 0.342939 0.660013 0.0468842 0.0465528
0 0.682671 0.468138 0.0494727 0.044517
0 0.852223 0.711286 0.0427722 0.0411048
0 0.335803 0.328722 0.0404013 0.0428802
0 0.387005 0.325362 0.0421505 0.0392369
0 0.512617 0.330176 0.0458832 0.0409055
0 0.560209 0.325507 0.0453239 0.0415209
0 0.211755 0.464188 0.0474456 0.0425483
0 0.678623 0.422046 0.0476125 0.046203
0 0.682655 0.374208 0.0515236 0.0454331
0 0.516051 0.659368 0.0412804 0.0398358
0 0.51232 0.463473 0.0470392 0.0425959
0 0.169681 0.368026 0.0471965 0.041424
0 0.388783 0.466272 0.0438126 0.0403578
0 0.108902 0.660529 0.0417197 0.0810307
0 0.215729 0.319562 0.0507448 0.0410121
0 0.168002 0.657591 0.0472516 0.0477859
0 0.239239 0.661104 0.0588761 0.0468674
0 0.690082 0.329903 0.043398 0.0428309
0 0.171139 0.704727 0.0459146 0.0437899
0 0.904599 0.378644 0.0537267 0.0502242
0 0.739837 0.709424 0.0426524 0.0385356
0 0.55437 0.369572 0.0412253 0.0377398
0 0.213053 0.416618 0.0455617 0.0406239
0 0.730467 0.754977 0.050369 0.0467125
0 0.514881 0.705746 0.04153 0.0406395
0 0.734776 0.331434 0.0443131 0.0386273
0 0.164564 0.462294 0.0461752 0.0415001
0 0.217196 0.368671 0.0462841 0.0417384
0 0.901888 0.424549 0.0468066 0.0396294
0 0.0477159 0.746938 0.0485136 0.0475741
0 0.67679 0.705396 0.050823 0.0480769
0 0.983838 0.168107 0.0323237 0.0760217
0 0.8513 0.376757 0.052374 0.0480184
0 0.0518634 0.456692 0.0447722 0.0399485
0 0.732106 0.375575 0.0450437 0.0416963
0 0.853136 0.426225 0.0491353 0.0447399
0 0.908506 0.662708 0.0440994 0.0437486
0 0.850203 0.471692 0.0446576 0.038311
0 0.166849 0.320288 0.0469485 0.0415829
0 0.0491085 0.367809 0.0538021 0.0429989
0 0.0497013 0.412031 0.050215 0.0430913
0 0.0503555 0.319215 0.0534992 0.0385373
0 0.219047 0.753586 0.0462084 0.0492796
0 0.854116 0.330101 0.0541767 0.0451988
0 0.676904 0.628363 0.0554642 0.0333867
0 0.0395928 0.494709 0.0791413 0.0310423
0 0.479019 0.127762 0.00703481 0.0188047
0 0.771288 0.72204 0.0138888 0.0293312
0 0.329418 0.571572 0.00960795 0.0179997
0 0.507516 0.370769 0.0438618 0.0399502
0 0.313421 0.0155694 0.00900472 0.0288588
0 0.993285 0.393966 0.0131646 0.16992
0 0.994471 0.695409 0.0108269 0.175195
0 0.159253 0.77372 0.0548385 0.017601
