0 0.526808 0.885529 0.0632048 0.0613575
0 0.379326 0.660885 0.0587419 0.0485922
0 0.456413 0.359744 0.0592618 0.0545541
0 0.279166 0.279249 0.0681937 0.0557489
0 0.699867 0.816532 0.0616103 0.0562127
0 0.533799 0.82056 0.0605831 0.057304
0 0.447688 0.289529 0.0557962 0.0558108
0 0.523371 0.351949 0.0664187 0.0606236
0 0.929588 0.816146 0.0672796 0.0585205
0 0.760259 0.413007 0.0623193 0.0534487
0 0.461982 0.820693 0.0595762 0.0557389
0 0.468836 0.589572 0.0614052 0.0554552
0 0.518958 0.285905 0.0601863 0.055379
0 0.773943 0.757461 0.0648259 0.0613232
0 0.287751 0.823462 0.0637141 0.0591485
0 0.767297 0.474765 0.0615873 0.0577595
0 0.219199 0.81817 0.0622042 0.0551844
0 0.933594 0.480267 0.0650932 0.0591279
0 0.275848 0.41635 0.0618472 0.0505546
0 0.697467 0.475821 0.0642942 0.0553252
0 0.460066 0.755826 0.0654761 0.0600423
0 0.457465 0.42021 0.0602763 0.0567282
0 0.28625 0.887311 0.0606254 0.0605808
0 0.52405 0.414394 0.0697477 0.0509645
0 0.522716 0.481656 0.0599132 0.0530404
0 0.20892 0.482543 0.0618969 0.051442
0 0.274591 0.480734 0.063574 0.0595243
0 0.930369 0.416354 0.0702937 0.0600225
0 0.76331 0.281762 0.0666636 0.0570072
0 0.912182 0.88353 0.0639229 0.0589346
0 0.281993 0.350617 0.0619754 0.0514741
0 0.214469 0.752472 0.065039 0.061159
0 0.690758 0.412739 0.0682098 0.0557185
0 0.314157 0.757825 0.0814889 0.0620488
0 0.692464 0.875339 0.0593548 0.0578435
0 0.217856 0.875551 0.0572838 0.0547659
0 0.21059 0.28198 0.0670492 0.0572591
0 0.754274 0.345221 0.0640477 0.0540245
0 0.215449 0.350641 0.0628721 0.0526505
0 0.0473274 0.881727 0.0658253 0.0611412
0 0.0515058 0.477845 0.0609724 0.0524851
0 0.450958 0.47641 0.0668605 0.054339
0 0.699982 0.749947 0.0573641 0.0574314
0 0.944969 0.28614 0.0663457 0.0549016
0 0.77211 0.887234 0.0588277 0.057397
0 0.0464528 0.414669 0.0677609 0.0543836
0 0.693473 0.28879 0.0662193 0.053931
0 0.936229 0.346998 0.0698221 0.056331
0 0.0463231 0.350292 0.0734851 0.0591894
0 0.046738 0.28259 0.0739431 0.0574571
0 0.98236 0.880008 0.0352803 0.0572513
0 0.98795 0.350202 0.0240999 0.0442613
0 0.15534 0.819828 0.0342855 0.0472747
0 0.991843 0.815941 0.0160428 0.0490628
0 0.433578 0.226433 0.0204817 0.0393789
0 0.711272 0.526102 0.124869 0.042069
0 0.217503 0.0864835 0.0375807 0.0372781
0 0.672876 0.225445 0.023273 0.0420768
0 0.45179 0.529746 0.0813939 0.0450686
0 0.0447971 0.527609 0.0895942 0.0413949
