0 0.924345 0.134185 0.0639786 0.211507
0 0.218922 0.894864 0.0544834 0.204346
0 0.474552 0.124112 0.0517133 0.204937
0 0.789651 0.10398 0.057869 0.202911
0 0.0918006 0.871564 0.0637717 0.200974
0 0.924951 0.6522 0.0625315 0.198029
0 0.85822 0.642253 0.0584358 0.198502
0 0.0254495 0.884857 0.0508991 0.212692
0 0.279588 0.889217 0.0537989 0.216403
0 0.411293 0.85907 0.0499416 0.194246
0 0.538276 0.849844 0.046077 0.179198
0 0.732242 0.65124 0.0562539 0.192781
0 0.670374 0.860643 0.055444 0.185019
0 0.348084 0.882472 0.0510449 0.198584
0 0.804192 0.851844 0.0588631 0.204439
0 0.472045 0.860241 0.0465191 0.179098
