0 0.762346 0.41518 0.0653152 0.0550645
0 0.699961 0.752866 0.0585856 0.0534457
0 0.523337 0.484799 0.0609393 0.0535366
0 0.772547 0.888266 0.0619174 0.0566793
0 0.534966 0.820901 0.0653793 0.0602157
0 0.288657 0.823923 0.0658361 0.0562308
0 0.695378 0.291942 0.0650959 0.0548174
0 0.457516 0.419437 0.0613101 0.0568661
0 0.216571 0.354873 0.065188 0.0555735
0 0.280011 0.283101 0.0722083 0.0592302
0 0.692669 0.415771 0.0702288 0.0557996
0 0.211578 0.28482 0.0668322 0.0599996
0 0.525657 0.35492 0.0687485 0.0600003
0 0.912281 0.884825 0.0675613 0.0571081
0 0.456737 0.360669 0.0619055 0.0561283
0 0.934593 0.483578 0.0685766 0.0586266
0 0.38039 0.663694 0.0618727 0.0518706
0 0.937671 0.350731 0.0716629 0.0587566
0 0.28401 0.352206 0.0657772 0.0592142
0 0.288005 0.887308 0.0600725 0.0575912
0 0.694295 0.876521 0.0628922 0.0570164
0 0.519564 0.286152 0.0624144 0.0589033
0 0.469369 0.592159 0.0644761 0.0547017
0 0.527218 0.885867 0.0676582 0.0562351
0 0.52517 0.418041 0.071066 0.0587142
0 0.700626 0.817116 0.0641762 0.0580955
0 0.216218 0.754136 0.070171 0.0604852
0 0.461764 0.823377 0.0610291 0.0560904
0 0.0490128 0.88288 0.0717098 0.0646713
0 0.0467211 0.353354 0.078082 0.0588452
0 0.755491 0.347904 0.0631774 0.0552204
0 0.931254 0.417382 0.0738757 0.0591413
0 0.698671 0.476827 0.0668282 0.0575261
0 0.0466347 0.417135 0.0725992 0.0584623
0 0.276317 0.483305 0.0686527 0.0596677
0 0.930737 0.818296 0.067556 0.0609825
0 0.945359 0.285784 0.0688582 0.0600318
0 0.459522 0.758462 0.0640787 0.0598064
0 0.210017 0.482708 0.0655183 0.0542224
0 0.219624 0.875561 0.0626113 0.0543254
0 0.775426 0.759415 0.0707489 0.0641073
0 0.450513 0.292265 0.0629326 0.0567362
0 0.277539 0.417131 0.065784 0.0567355
0 0.763391 0.284879 0.0685946 0.0614671
0 0.769123 0.476635 0.0661606 0.0568329
0 0.220106 0.818415 0.0658533 0.0593436
0 0.0517147 0.478288 0.0653137 0.0517618
0 0.982651 0.883473 0.0345197 0.0579646
0 0.0472801 0.284209 0.0785933 0.0596371
0 0.451752 0.478242 0.0692167 0.0601708
0 0.988614 0.287236 0.0223045 0.0577372
0 0.988039 0.352955 0.0236875 0.0490691
0 0.314329 0.759499 0.0873037 0.0648887
