0 0.332124 0.467852 0.115244 0.100237
0 0.754336 0.686494 0.111884 0.101383
0 0.215094 0.480938 0.11996 0.0996936
0 0.635734 0.57964 0.114913 0.106427
0 0.207607 0.696695 0.119267 0.106445
0 0.328267 0.69568 0.107137 0.102859
0 0.648328 0.468164 0.109868 0.0985725
0 0.631713 0.80987 0.115509 0.1062
0 0.623477 0.694641 0.113261 0.111014
0 0.755646 0.584233 0.105884 0.0968653
0 0.319131 0.577736 0.105242 0.106898
0 0.757089 0.472747 0.109294 0.0878515
0 0.33979 0.804723 0.108295 0.0985378
0 0.219665 0.804578 0.112656 0.0972588
0 0.990322 0.571416 0.0193561 0.0879208
0 0.0380602 0.929076 0.0761204 0.141848
