0 0.773198 0.762632 0.0664724 0.0624742
0 0.691852 0.416427 0.067407 0.0565704
0 0.932044 0.484298 0.0658385 0.0569318
0 0.760937 0.417183 0.0631437 0.0548219
0 0.692762 0.879655 0.0609594 0.056946
0 0.274841 0.417635 0.0632926 0.0552857
0 0.0487288 0.479193 0.0651027 0.0538981
0 0.311664 0.759844 0.0812377 0.0649154
0 0.76595 0.480156 0.0630437 0.0552934
0 0.273441 0.483367 0.0663245 0.0570485
0 0.93098 0.41998 0.0688594 0.0582362
0 0.698704 0.819655 0.0615776 0.0604431
0 0.694177 0.292672 0.0642072 0.0556971
0 0.754846 0.349103 0.0627043 0.0546282
0 0.695935 0.47953 0.0640495 0.0540854
0 0.207487 0.482726 0.0636557 0.0523476
0 0.760775 0.286643 0.0656405 0.0576809
0 0.929956 0.821251 0.0672615 0.0611431
0 0.455617 0.423616 0.0627459 0.0594845
0 0.523285 0.416417 0.0670722 0.054325
0 0.517668 0.289396 0.0611553 0.0543069
0 0.21584 0.878277 0.060043 0.0536124
0 0.449927 0.478988 0.0681165 0.0512162
0 0.944378 0.291036 0.0670753 0.0609787
0 0.21261 0.754278 0.0665365 0.0573321
0 0.459804 0.823883 0.0598548 0.058478
0 0.0456182 0.88329 0.0675259 0.0612099
0 0.209505 0.283736 0.0652458 0.0548364
0 0.698562 0.753473 0.05886 0.0562526
0 0.217002 0.818687 0.0637846 0.057133
0 0.454624 0.362689 0.0623976 0.0547805
0 0.771038 0.888238 0.0606018 0.0575534
0 0.523675 0.354505 0.0640746 0.0578058
0 0.278281 0.280711 0.0688234 0.0553782
0 0.213731 0.353112 0.0647308 0.0573036
0 0.982944 0.886113 0.0341129 0.059734
0 0.28555 0.887069 0.0593579 0.0565889
0 0.457196 0.758801 0.0620317 0.0559746
0 0.911512 0.886582 0.0651424 0.0602244
0 0.521956 0.483891 0.0607619 0.0546786
0 0.446881 0.292699 0.057865 0.0551751
0 0.0448258 0.352352 0.0736593 0.0594035
0 0.532062 0.824658 0.0621052 0.0582429
0 0.526178 0.886827 0.0658744 0.0596879
0 0.0461078 0.28438 0.0726426 0.05501
0 0.280759 0.35286 0.0638587 0.0554804
0 0.0450371 0.417125 0.0683614 0.0575946
0 0.935998 0.354262 0.0685029 0.0586599
0 0.537267 0.639368 0.0631643 0.0728017
0 0.285499 0.826493 0.0656214 0.0604544
0 0.987161 0.354688 0.0256456 0.0570456
0 0.987697 0.291248 0.024607 0.053958
0 0.158502 0.60502 0.0653666 0.0566338
0 0.990997 0.821539 0.0180052 0.0521189
