0 0.959202 0.713129 0.0398852 0.119427
0 0.88 0.389174 0.0406202 0.124983
0 0.886719 0.830283 0.0390511 0.124097
0 0.539345 0.854867 0.0294495 0.123443
0 0.845127 0.260654 0.0376277 0.126538
0 0.729514 0.829546 0.0307337 0.113685
0 0.921286 0.706417 0.0386815 0.121989
0 0.615612 0.846456 0.0311091 0.124946
0 0.807662 0.838219 0.0365585 0.117339
0 0.42113 0.847119 0.0322762 0.125349
0 0.960593 0.406746 0.0399755 0.124545
0 0.575955 0.848839 0.0319298 0.136789
0 0.464032 0.839855 0.0302893 0.12696
0 0.688897 0.835577 0.0303354 0.116286
0 0.844063 0.710498 0.0362853 0.119116
0 0.693451 0.396704 0.0348148 0.126438
0 0.653799 0.834186 0.03044 0.120137
0 0.918294 0.259729 0.036866 0.111945
0 0.767468 0.263062 0.0342434 0.118108
