0 0.796317 0.313801 0.0421781 0.154724
0 0.894008 0.337705 0.0404668 0.155389
0 0.753294 0.710999 0.0431379 0.139973
0 0.237218 0.881017 0.0438481 0.155534
0 0.474653 0.880179 0.03691 0.156348
0 0.289262 0.874764 0.0440341 0.161701
0 0.612042 0.858428 0.0387422 0.133392
0 0.52218 0.864033 0.038121 0.148515
0 0.753364 0.15993 0.0429784 0.159576
0 0.425473 0.88431 0.0356747 0.163349
0 0.89395 0.713723 0.0410768 0.145646
0 0.380605 0.890211 0.0389835 0.142511
0 0.709525 0.864412 0.0389544 0.134664
0 0.564816 0.864688 0.0377127 0.130217
0 0.805257 0.855785 0.0436979 0.156496
0 0.566904 0.332114 0.0416289 0.15466
0 0.847394 0.703518 0.0433 0.155816
0 0.658673 0.16474 0.0370473 0.143739
0 0.842382 0.160607 0.0404411 0.13534
