0 0.493019 0.760971 0.0220451 0.0933578
0 0.600859 0.945093 0.0230461 0.103811
0 0.519086 0.950447 0.0216855 0.0934742
0 0.628142 0.35366 0.0214466 0.0780923
0 0.520389 0.759156 0.021748 0.0899014
0 0.760785 0.668678 0.0245084 0.086405
0 0.547015 0.750928 0.0216426 0.0878033
0 0.76168 0.454328 0.0229093 0.0875348
0 0.46776 0.762254 0.0214143 0.0868964
0 0.571794 0.751548 0.020634 0.0829192
0 0.494902 0.949491 0.0195165 0.0816446
0 0.627709 0.946575 0.023022 0.0865306
0 0.679521 0.666052 0.0227348 0.0825855
0 0.733998 0.352845 0.0222193 0.0747451
0 0.438844 0.95396 0.0212551 0.0911063
0 0.466709 0.952667 0.0213193 0.086712
0 0.414134 0.752015 0.0222366 0.0903926
0 0.71026 0.749233 0.0233226 0.0882555
0 0.734618 0.662615 0.0231653 0.0891198
0 0.68163 0.350378 0.0230352 0.0928494
0 0.414624 0.959482 0.0207888 0.0810364
0 0.654584 0.754063 0.0213023 0.0812023
0 0.57217 0.955507 0.0228436 0.0889461
0 0.575501 0.447517 0.0216277 0.0889486
0 0.599915 0.746981 0.0208608 0.0810407
0 0.38545 0.75769 0.0230416 0.0883323
0 0.253016 0.945232 0.0243338 0.0816162
0 0.359919 0.947775 0.0223876 0.0828129
0 0.706319 0.441333 0.0225024 0.0881264
