0 0.679825 0.421751 0.0480732 0.0393795
0 0.734011 0.377911 0.0429286 0.0383302
0 0.215913 0.321631 0.0511649 0.0438937
0 0.341776 0.377772 0.0448293 0.0382236
0 0.171197 0.703393 0.0470886 0.0379562
0 0.562494 0.464821 0.0452497 0.0381466
0 0.740398 0.710268 0.0439822 0.0406108
0 0.170542 0.745839 0.0446556 0.033948
0 0.735379 0.331591 0.0449549 0.0410468
0 0.90609 0.379838 0.0537474 0.0427035
0 0.240876 0.663198 0.0623503 0.0460987
0 0.560823 0.324909 0.0468727 0.0472574
0 0.389582 0.466175 0.0447609 0.0403245
0 0.907177 0.709216 0.0472931 0.0438071
0 0.515667 0.659198 0.0413184 0.038449
0 0.679419 0.708392 0.0480693 0.0454239
0 0.167518 0.321929 0.0465583 0.0443075
0 0.685146 0.375625 0.0466394 0.0406941
0 0.513056 0.463362 0.0458626 0.0402213
0 0.0503243 0.320981 0.0564415 0.0425166
0 0.396091 0.708032 0.0472024 0.0461444
0 0.342882 0.420078 0.0440599 0.0409253
0 0.508616 0.373791 0.0434081 0.0382637
0 0.387592 0.32518 0.0445958 0.0430705
0 0.690377 0.327543 0.0438424 0.0469367
0 0.217395 0.369142 0.0464078 0.0452772
0 0.852259 0.663848 0.0497135 0.0457673
0 0.212476 0.462357 0.0488913 0.0456506
0 0.852674 0.711597 0.0440481 0.0424811
0 0.681786 0.469762 0.0482924 0.0436392
0 0.335794 0.327881 0.0435554 0.0460433
0 0.0489304 0.36831 0.0550804 0.0462624
0 0.851787 0.379915 0.0538172 0.0424302
0 0.515034 0.705693 0.0440419 0.0414399
0 0.903355 0.423898 0.0474674 0.040308
0 0.853913 0.332472 0.0539262 0.039612
0 0.390244 0.372681 0.0482264 0.0434647
0 0.0481761 0.748189 0.0500615 0.0472573
0 0.34305 0.661984 0.0473365 0.0445123
0 0.390708 0.418363 0.0482497 0.0409139
0 0.213526 0.41559 0.0480849 0.0424846
0 0.568019 0.665538 0.0479246 0.0497724
0 0.567533 0.757504 0.0426957 0.0434878
0 0.560091 0.419257 0.0437061 0.0424032
0 0.511202 0.750421 0.0441985 0.0409584
0 0.0525421 0.458105 0.0466725 0.0427114
0 0.513074 0.330389 0.0460453 0.0419226
0 0.163818 0.461599 0.0485134 0.044324
0 0.667356 0.756506 0.0443242 0.0428627
0 0.509905 0.41838 0.0467721 0.043387
0 0.853086 0.426919 0.0491905 0.0461748
0 0.730714 0.755754 0.0509359 0.0443474
0 0.33744 0.462782 0.0506481 0.0400314
0 0.913122 0.6624 0.0560941 0.0465375
0 0.555308 0.371509 0.0424004 0.0387615
0 0.219987 0.707889 0.046898 0.0441689
0 0.220046 0.752765 0.0444066 0.0449626
0 0.0485 0.414111 0.0516039 0.0439804
0 0.169814 0.369874 0.046479 0.044934
0 0.167192 0.655974 0.049321 0.043876
0 0.344572 0.709536 0.0441161 0.0425629
0 0.3911 0.754878 0.0488937 0.042128
0 0.850718 0.471931 0.0447614 0.0424041
0 0.905263 0.753782 0.0473378 0.0429163
0 0.983357 0.168015 0.0290243 0.0814579
