0 0.16705 0.657108 0.049284 0.0410682
0 0.733697 0.330479 0.0439807 0.0413826
0 0.169915 0.702809 0.0467172 0.0402893
0 0.732917 0.375878 0.0445747 0.0420751
0 0.689058 0.329581 0.0443242 0.04337
0 0.852046 0.712744 0.0461426 0.0423553
0 0.163953 0.46276 0.0476091 0.0398704
0 0.389813 0.373048 0.0476206 0.0421704
0 0.341348 0.66103 0.0454594 0.0442916
0 0.168629 0.745273 0.043382 0.0404245
0 0.340772 0.376321 0.0457162 0.0400807
0 0.55878 0.419215 0.0457443 0.0427894
0 0.514267 0.659558 0.0422821 0.0415005
0 0.666679 0.756714 0.0447994 0.0432309
0 0.566526 0.757024 0.0445316 0.0428537
0 0.679547 0.421043 0.047104 0.0425663
0 0.852951 0.331885 0.0525655 0.0407886
0 0.682667 0.467862 0.0453868 0.0400169
0 0.166357 0.321526 0.0468026 0.0412693
0 0.85003 0.471254 0.04558 0.040292
0 0.679147 0.7093 0.0485706 0.0415227
0 0.389709 0.418001 0.0489768 0.0427613
0 0.390917 0.753196 0.0491102 0.0415505
0 0.335737 0.328028 0.0423178 0.0409756
0 0.559898 0.327554 0.046862 0.0418437
0 0.683761 0.374746 0.0464511 0.0425073
0 0.852328 0.665083 0.0497799 0.0437439
0 0.0500579 0.460189 0.0479639 0.0402879
0 0.212382 0.41714 0.0469252 0.0424711
0 0.507684 0.373433 0.044309 0.0423422
0 0.907058 0.710602 0.0466881 0.0439939
0 0.554868 0.371541 0.0416442 0.0417401
0 0.048593 0.320209 0.051907 0.0407104
0 0.562746 0.464238 0.0453105 0.0413323
0 0.730525 0.757036 0.0503058 0.0445871
0 0.210903 0.463007 0.0487537 0.0432892
0 0.982344 0.167778 0.0307135 0.0767632
0 0.216226 0.370542 0.0468623 0.0432775
0 0.336326 0.462422 0.0505631 0.0406214
0 0.215874 0.319775 0.0493849 0.0416068
0 0.0477427 0.414917 0.0497936 0.0425693
0 0.509748 0.749052 0.0450021 0.0419377
0 0.739079 0.710222 0.0452085 0.0413219
0 0.046551 0.746513 0.048918 0.0427334
0 0.90529 0.378942 0.053521 0.0420919
0 0.513778 0.705436 0.045385 0.0422932
0 0.340919 0.419825 0.0460086 0.0433005
0 0.219012 0.752668 0.044565 0.0419726
0 0.219535 0.706574 0.0480358 0.0454282
0 0.168421 0.369953 0.0475934 0.043662
0 0.388707 0.4653 0.0456394 0.0418073
0 0.512687 0.463062 0.0454716 0.0403833
0 0.5677 0.665976 0.0490033 0.0455905
0 0.904319 0.754853 0.0486034 0.0407003
0 0.114827 0.639354 0.0479016 0.0764852
0 0.509882 0.418501 0.0495154 0.0434185
0 0.386526 0.326959 0.0447267 0.0404019
0 0.851471 0.376767 0.0530668 0.0436843
0 0.34311 0.707496 0.0449 0.0423182
0 0.237817 0.661749 0.0613443 0.0463284
0 0.394774 0.706923 0.0474383 0.0450718
0 0.51264 0.330075 0.0456444 0.0401329
0 0.853849 0.427902 0.050311 0.0473869
0 0.0478879 0.369247 0.0540964 0.0437186
0 0.910011 0.663395 0.0500872 0.0421461
0 0.902952 0.424309 0.0477519 0.0415667
