0 0.216505 0.415845 0.119432 0.0919847
0 0.334083 0.401835 0.114413 0.109994
0 0.212653 0.631609 0.122019 0.105953
0 0.331092 0.628659 0.106458 0.0992171
0 0.753885 0.619017 0.11071 0.095669
0 0.624574 0.629063 0.108612 0.102496
0 0.341558 0.736874 0.106298 0.0958383
0 0.636954 0.517652 0.114906 0.103085
0 0.632411 0.741798 0.114486 0.102647
0 0.757336 0.406447 0.109541 0.0985606
0 0.321151 0.513131 0.106124 0.0961889
0 0.224534 0.734707 0.110429 0.0980877
0 0.757566 0.516732 0.105078 0.0980983
0 0.650063 0.402099 0.109879 0.110519
0 0.989119 0.506019 0.0217616 0.0860639
