0 0.981755 0.761057 0.0364897 0.0738256
0 0.972939 0.331638 0.0541215 0.0686435
0 0.899466 0.332712 0.0856747 0.0738664
0 0.691531 0.328399 0.0868866 0.069084
0 0.982835 0.926705 0.03433 0.070714
0 0.390137 0.929301 0.0731909 0.0738675
0 0.608052 0.76226 0.0767649 0.0694598
0 0.905765 0.914365 0.078127 0.0698626
0 0.968132 0.246999 0.0637355 0.0640567
0 0.29713 0.75688 0.0830306 0.0670876
0 0.605919 0.335705 0.075927 0.0713625
0 0.390927 0.849135 0.079349 0.0689478
0 0.302877 0.247315 0.0771013 0.0666154
0 0.300142 0.916429 0.0749074 0.0661115
0 0.612545 0.845585 0.0752266 0.0686584
0 0.975684 0.411052 0.0486329 0.0665653
0 0.690527 0.252691 0.0795502 0.0709211
0 0.092985 0.404552 0.0779911 0.067174
0 0.688856 0.414747 0.0779266 0.0677244
0 0.908508 0.408895 0.0833809 0.0669729
0 0.0923321 0.161544 0.0904888 0.069874
0 0.60457 0.262544 0.0745549 0.066101
0 0.912263 0.836469 0.0781184 0.0713472
0 0.704373 0.845951 0.0780764 0.0722629
0 0.912322 0.753477 0.0743759 0.0688834
0 0.0806564 0.924474 0.0859316 0.0763364
0 0.594937 0.174928 0.0713313 0.0645142
0 0.696058 0.925287 0.0823194 0.0753861
0 0.682802 0.170423 0.0763268 0.0658761
0 0.971046 0.171436 0.0579082 0.0655959
0 0.298676 0.164423 0.0809461 0.0680432
0 0.384503 0.160113 0.0857423 0.0679954
0 0.30234 0.840401 0.0782326 0.0668048
0 0.377578 0.410076 0.0792456 0.0667293
0 0.3873 0.246398 0.0765804 0.065604
0 0.600762 0.40698 0.0795371 0.0648412
0 0.0897742 0.245965 0.0911003 0.0687265
0 0.900942 0.177225 0.0786105 0.0708661
0 0.0884567 0.325279 0.0855515 0.0648899
0 0.379195 0.329592 0.075126 0.0693513
0 0.424999 0.762209 0.104448 0.0772367
0 0.701442 0.761422 0.0773193 0.0749134
0 0.294823 0.410236 0.0752817 0.0641909
