0 0.241998 0.326483 0.0595104 0.053156
0 0.592345 0.338411 0.054069 0.0480561
0 0.242918 0.385395 0.0568788 0.0522744
0 0.648741 0.333658 0.0569285 0.0529329
0 0.79199 0.502274 0.0581673 0.0498952
0 0.448229 0.442725 0.0578196 0.0487154
0 0.850468 0.841697 0.059602 0.0490176
0 0.648265 0.442172 0.0542951 0.0476959
0 0.589047 0.442213 0.0569283 0.0476687
0 0.38959 0.395762 0.053709 0.0448947
0 0.656335 0.843081 0.0511992 0.0495572
0 0.657819 0.734743 0.0589404 0.056191
0 0.18324 0.327062 0.0580436 0.0536427
0 0.859799 0.784417 0.0536883 0.0477394
0 0.789955 0.444191 0.0593873 0.0509392
0 0.443983 0.335128 0.0530977 0.0469279
0 0.789362 0.784375 0.0565834 0.0509848
0 0.593971 0.782226 0.0534738 0.0465496
0 0.44667 0.500637 0.0530507 0.0464588
0 0.0447502 0.383819 0.0660774 0.0502197
0 0.80133 0.336365 0.0558456 0.047523
0 0.447716 0.389962 0.0572198 0.0480608
0 0.449501 0.840553 0.0568789 0.0454939
0 0.390381 0.443393 0.0534842 0.0498019
0 0.855025 0.338385 0.0527866 0.0476475
0 0.595663 0.725457 0.0489972 0.0493457
0 0.237913 0.441478 0.0557724 0.0464838
0 0.185202 0.724785 0.0615335 0.0515857
0 0.188787 0.78132 0.0554303 0.0463609
0 0.454508 0.784838 0.0552882 0.0518758
0 0.0439614 0.439281 0.0614606 0.0480346
0 0.589246 0.830883 0.0517362 0.0495318
0 0.383259 0.337053 0.0499886 0.046655
0 0.773903 0.842269 0.0549306 0.0489516
0 0.391423 0.730121 0.0549386 0.0497385
0 0.79471 0.39121 0.0569204 0.0478948
0 0.0458735 0.326294 0.0646171 0.0527685
0 0.23671 0.498196 0.0582966 0.0495748
0 0.247124 0.839473 0.0525069 0.0487454
0 0.246902 0.783931 0.0563718 0.0493796
0 0.186996 0.38621 0.0557916 0.0525001
0 0.0477014 0.492155 0.055836 0.0524234
0 0.651835 0.496846 0.0536428 0.0427045
0 0.0442583 0.832535 0.0623337 0.0570233
0 0.385741 0.495089 0.0614244 0.0484764
0 0.981439 0.731575 0.0367655 0.0523041
0 0.592713 0.495562 0.0552338 0.0479341
0 0.586755 0.38843 0.0519168 0.0463374
0 0.394246 0.784927 0.0515991 0.0507317
0 0.187605 0.828468 0.0522292 0.0449907
0 0.269089 0.729858 0.0724827 0.0584954
0 0.641618 0.385485 0.0520948 0.0499025
0 0.180481 0.49615 0.0576602 0.0453438
0 0.980445 0.393411 0.0388668 0.0503935
0 0.982119 0.450155 0.0355189 0.0536865
0 0.853876 0.393904 0.0523181 0.0420519
0 0.983499 0.787507 0.0330025 0.0474008
0 0.981553 0.339643 0.0368933 0.0489447
0 0.981606 0.504683 0.0367851 0.0476088
