0 0.284217 0.882331 0.0569809 0.219397
0 0.220407 0.890165 0.0578535 0.200632
0 0.0289842 0.881392 0.0579683 0.210449
0 0.349853 0.878098 0.0556445 0.208209
0 0.414624 0.855847 0.0556969 0.200995
0 0.535837 0.845685 0.0543755 0.183654
0 0.475066 0.126756 0.0557447 0.21167
0 0.474391 0.857193 0.0501587 0.188995
0 0.921275 0.650674 0.0635483 0.201126
0 0.801512 0.849388 0.0593051 0.210828
0 0.73087 0.649232 0.0595988 0.197491
0 0.859523 0.639758 0.0615018 0.20603
0 0.923069 0.136297 0.0654137 0.212596
0 0.788055 0.107123 0.0619919 0.21139
0 0.0919697 0.866691 0.0755357 0.21116
0 0.669445 0.857371 0.0576543 0.194343
