0 0.645927 0.675608 0.0253418 0.0970068
0 0.554618 0.685849 0.0260198 0.10872
0 0.680308 0.900893 0.0266855 0.115941
0 0.585449 0.904542 0.0269222 0.106051
0 0.647064 0.910145 0.0270716 0.0993295
0 0.97636 0.818848 0.0472808 0.092014
0 0.832228 0.207736 0.0301867 0.0912266
0 0.772323 0.573637 0.0289449 0.0965124
0 0.428959 0.68231 0.025742 0.103326
0 0.801692 0.313801 0.0292549 0.101944
0 0.678885 0.669667 0.0245425 0.0922327
0 0.711255 0.210058 0.0265783 0.0942031
0 0.712041 0.901623 0.0279813 0.103535
0 0.463472 0.676617 0.0257341 0.102581
0 0.864855 0.577251 0.028404 0.098947
0 0.46322 0.916393 0.0243984 0.0950868
0 0.773041 0.209582 0.0289001 0.104762
0 0.821472 0.887491 0.0464092 0.0814026
0 0.586443 0.683309 0.0256119 0.103508
0 0.806623 0.671332 0.0287069 0.102248
0 0.491599 0.906174 0.0247484 0.102679
0 0.866463 0.327167 0.0279203 0.104596
0 0.556657 0.905572 0.0236671 0.0956581
0 0.27539 0.904221 0.0263823 0.0945137
0 0.74186 0.679323 0.0257472 0.0966241
0 0.649307 0.319207 0.0274691 0.104023
0 0.52453 0.908477 0.0246285 0.0992551
0 0.399634 0.904739 0.0246295 0.0974225
0 0.834775 0.57176 0.0275144 0.100831
0 0.617177 0.673772 0.0246225 0.0977171
0 0.524673 0.690216 0.0238934 0.102058
0 0.988806 0.781494 0.0223881 0.0792197
0 0.986692 0.924778 0.026615 0.0975515
