0 0.669271 0.856019 0.05 0.184259
0 0.0273438 0.881019 0.0536458 0.202778
0 0.539062 0.848611 0.0427083 0.187963
0 0.472656 0.854167 0.0484375 0.180556
0 0.348698 0.876852 0.0505208 0.198148
0 0.21901 0.888426 0.0515625 0.199074
0 0.788802 0.109722 0.0536458 0.219444
0 0.923437 0.136574 0.0614583 0.202778
0 0.413021 0.855556 0.05 0.185185
0 0.28125 0.881481 0.0520833 0.207407
0 0.0927083 0.864815 0.0572917 0.201852
0 0.858333 0.638426 0.0604167 0.197222
0 0.801823 0.846759 0.0557292 0.19537
0 0.47474 0.121759 0.0526042 0.200926
0 0.730729 0.646296 0.0541667 0.185185
0 0.923698 0.647222 0.0609375 0.194444
