0 0.727604 0.351852 0.0447917 0.0407407
0 0.521354 0.7375 0.0260417 0.0583333
0 0.413281 0.943519 0.0171875 0.0759259
0 0.759896 0.445833 0.0135417 0.119444
0 0.760677 0.456481 0.0338542 0.0481481
0 0.466927 0.955093 0.0130208 0.0787037
0 0.594271 0.929167 0.0354167 0.0861111
0 0.704167 0.426389 0.0125 0.0675926
0 0.729167 0.350463 0.021875 0.0898148
0 0.870052 0.837037 0.0453125 0.0444444
0 0.680469 0.647222 0.0203125 0.0537037
0 0.703646 0.735185 0.0364583 0.0759259
0 0.711719 0.752778 0.0307292 0.037037
0 0.983854 0.632407 0.0322917 0.0537037
0 0.648698 0.747685 0.0078125 0.0564815
0 0.896354 0.943981 0.05625 0.0898148
0 0.970573 0.660648 0.0588542 0.136111
0 0.542188 0.748611 0.0125 0.0435185
0 0.908073 0.883796 0.0411458 0.0546296
0 0.989062 0.599074 0.00729167 0.0259259
0 0.569271 0.748148 0.0145833 0.0555556
0 0.878646 0.840741 0.046875 0.101852
0 0.413281 0.754167 0.00989583 0.0805556
0 0.415625 0.959259 0.0114583 0.0703704
0 0.909375 0.898611 0.0364583 0.0287037
0 0.711458 0.746759 0.0145833 0.0990741
0 0.860156 0.875463 0.0369792 0.0472222
0 0.511458 0.94213 0.0333333 0.0898148
0 0.46224 0.748148 0.0286458 0.0925926
0 0.599479 0.746296 0.0177083 0.0648148
0 0.625 0.947222 0.0114583 0.0685185
0 0.598958 0.943981 0.0166667 0.0768519
0 0.630208 0.338889 0.021875 0.0666667
0 0.464844 0.760185 0.0161458 0.0777778
0 0.517448 0.759259 0.0161458 0.0722222
0 0.652604 0.752315 0.0145833 0.0805556
0 0.486458 0.747685 0.0447917 0.0953704
0 0.386719 0.756481 0.0151042 0.0814815
0 0.7625 0.666667 0.0208333 0.0685185
0 0.68099 0.665278 0.0161458 0.0675926
0 0.438542 0.950926 0.021875 0.0555556
0 0.3625 0.947222 0.021875 0.0648148
0 0.734635 0.352315 0.0203125 0.0638889
0 0.767187 0.449074 0.03125 0.101852
0 0.571094 0.953704 0.0182292 0.0685185
0 0.76276 0.452778 0.0182292 0.0648148
0 0.547656 0.747222 0.0192708 0.0703704
0 0.489583 0.756481 0.0197917 0.0592593
0 0.738802 0.6625 0.0151042 0.0898148
0 0.86224 0.871759 0.0515625 0.100926
0 0.251302 0.95 0.0171875 0.0611111
0 0.517708 0.950926 0.0197917 0.0611111
0 0.913281 0.899537 0.0505208 0.0990741
0 0.493229 0.950463 0.015625 0.075
0 0.522396 0.946759 0.0333333 0.106481
0 0.605729 0.946759 0.0333333 0.10463
0 0.418229 0.754167 0.0322917 0.0935185
0 0.468229 0.95463 0.0322917 0.0907407
0 0.709115 0.446296 0.0317708 0.1
0 0.601302 0.75 0.0328125 0.0814815
0 0.497396 0.762963 0.0322917 0.0925926
0 0.363281 0.95 0.0328125 0.0981481
0 0.629687 0.356019 0.0322917 0.0861111
0 0.255469 0.948148 0.0328125 0.103704
0 0.580469 0.446296 0.0328125 0.0925926
0 0.655208 0.746759 0.0322917 0.0824074
0 0.526563 0.753704 0.03125 0.0944444
0 0.418229 0.958333 0.0322917 0.0833333
0 0.630729 0.946759 0.0333333 0.10463
0 0.471875 0.7625 0.0322917 0.0916667
0 0.388802 0.756481 0.0328125 0.101852
0 0.684635 0.669444 0.0328125 0.0907407
0 0.497396 0.948611 0.0333333 0.102778
0 0.76276 0.665741 0.0328125 0.103704
0 0.684375 0.349074 0.0322917 0.0851852
0 0.739062 0.668056 0.0333333 0.0990741
0 0.576302 0.951852 0.0328125 0.0962963
0 0.576823 0.745833 0.0328125 0.0935185
0 0.713802 0.749074 0.0328125 0.0981481
0 0.551823 0.748148 0.0328125 0.0907407
0 0.442969 0.95 0.0328125 0.0962963
