0 0.222656 0.850463 0.0380208 0.0805556
0 0.21901 0.843056 0.0526042 0.0361111
0 0.979167 0.751852 0.0416667 0.0314815
0 0.977083 0.75 0.034375 0.0574074
0 0.692708 0.750463 0.0864583 0.0268519
0 0.984896 0.92963 0.0302083 0.0833333
0 0.980208 0.410185 0.0354167 0.0462963
0 0.090625 0.166667 0.0635417 0.05
0 0.423698 0.766667 0.0953125 0.0592593
0 0.707292 0.763426 0.107292 0.0657407
0 0.985677 0.762037 0.0286458 0.0703704
0 0.964583 0.246296 0.0708333 0.0407407
0 0.976562 0.409259 0.046875 0.0796296
0 0.0859375 0.923148 0.0729167 0.0648148
0 0.290625 0.407407 0.09375 0.0611111
0 0.382292 0.253704 0.0666667 0.0481481
0 0.60625 0.337037 0.0635417 0.0518519
0 0.383854 0.325463 0.059375 0.0472222
0 0.893229 0.318056 0.0927083 0.0305556
0 0.902604 0.172222 0.0666667 0.0444444
0 0.424479 0.766204 0.108333 0.143519
0 0.972917 0.32963 0.0510417 0.05
0 0.602344 0.408796 0.0661458 0.037963
0 0.303385 0.842593 0.0703125 0.0481481
0 0.391927 0.162963 0.114063 0.101852
0 0.0885417 0.250926 0.06875 0.0537037
0 0.0895833 0.162963 0.104167 0.0833333
0 0.916927 0.753704 0.0682292 0.0407407
0 0.605469 0.408333 0.0588542 0.0814815
0 0.971354 0.249074 0.053125 0.0777778
0 0.68724 0.17037 0.0692708 0.0722222
0 0.971615 0.170833 0.0515625 0.0768519
0 0.690104 0.253241 0.0677083 0.0509259
0 0.601562 0.248148 0.090625 0.0611111
0 0.598698 0.178241 0.0765625 0.0583333
0 0.898177 0.175463 0.0963542 0.0768519
0 0.0895833 0.246296 0.09375 0.0925926
0 0.689323 0.327315 0.0630208 0.0453704
0 0.692708 0.928241 0.071875 0.0564815
0 0.090625 0.404167 0.0677083 0.037963
0 0.384375 0.837963 0.0791667 0.112963
0 0.970312 0.328241 0.059375 0.087963
0 0.304427 0.843518 0.0807292 0.1
0 0.293229 0.913889 0.0760417 0.0555556
0 0.600781 0.321759 0.0880208 0.0601852
0 0.605729 0.765278 0.0760417 0.062037
0 0.29375 0.166204 0.0760417 0.0490741
0 0.304427 0.251852 0.0630208 0.0555556
0 0.608333 0.264815 0.0635417 0.0703704
0 0.382552 0.323148 0.0963542 0.0777778
0 0.919271 0.837963 0.0739583 0.0685185
0 0.70026 0.923611 0.104687 0.0898148
0 0.298958 0.162037 0.09375 0.0944444
0 0.374219 0.410185 0.0911458 0.0777778
0 0.905469 0.328241 0.0848958 0.062037
0 0.391927 0.843056 0.107813 0.0490741
0 0.308854 0.249537 0.0989583 0.0842593
0 0.0921875 0.321759 0.103125 0.0842593
0 0.385677 0.159259 0.0765625 0.0648148
0 0.905208 0.406019 0.0625 0.0416667
0 0.916927 0.750926 0.0963542 0.0703704
0 0.616406 0.841667 0.0973958 0.062963
0 0.598698 0.397685 0.0984375 0.0472222
0 0.700521 0.837037 0.0864583 0.0722222
0 0.0825521 0.919444 0.0984375 0.118519
0 0.383854 0.927778 0.08125 0.0555556
0 0.904427 0.915278 0.0828125 0.0861111
0 0.30026 0.756019 0.103646 0.062037
0 0.906771 0.406481 0.0770833 0.0814815
0 0.0997396 0.401389 0.103646 0.0675926
0 0.691406 0.327778 0.100521 0.0648148
0 0.391927 0.247222 0.104687 0.0740741
0 0.689323 0.413889 0.0713542 0.0907407
0 0.690885 0.249074 0.101562 0.0925926
