0 0.985156 0.730093 0.0276042 0.0453704
0 0.975521 0.3375 0.04375 0.0546296
0 0.391927 0.441667 0.0484375 0.037037
0 0.985677 0.786111 0.0286458 0.0351852
0 0.78724 0.784722 0.0442708 0.0416667
0 0.974219 0.393519 0.0515625 0.0611111
0 0.984115 0.502778 0.0317708 0.0333333
0 0.985937 0.449074 0.028125 0.0333333
0 0.177865 0.487963 0.0630208 0.0703704
0 0.803125 0.326389 0.0416667 0.0509259
0 0.851823 0.836574 0.0463542 0.0324074
0 0.442708 0.431944 0.0572917 0.0435185
0 0.249479 0.833796 0.040625 0.0324074
0 0.794271 0.496759 0.0385417 0.0398148
0 0.18724 0.322685 0.0411458 0.0305556
0 0.586719 0.387963 0.0401042 0.0314815
0 0.445833 0.839815 0.06875 0.0592593
0 0.851823 0.335648 0.0515625 0.0472222
0 0.0513021 0.487037 0.0484375 0.0462963
0 0.776823 0.841667 0.0494792 0.0666667
0 0.236979 0.498148 0.05625 0.0592593
0 0.598958 0.781944 0.05 0.0287037
0 0.642969 0.381944 0.0432292 0.0527778
0 0.851562 0.384259 0.0427083 0.05
0 0.0447917 0.439815 0.0583333 0.0537037
0 0.386198 0.384259 0.0421875 0.0685185
0 0.652604 0.840741 0.0572917 0.0648148
0 0.378125 0.324074 0.04375 0.0574074
0 0.0455729 0.322222 0.0619792 0.062963
0 0.273177 0.725926 0.0838542 0.0462963
0 0.0445312 0.381481 0.0598958 0.05
0 0.0455729 0.830556 0.0473958 0.0851852
0 0.244792 0.781018 0.0552083 0.0694444
0 0.444792 0.488889 0.04375 0.0666667
0 0.652865 0.488889 0.0411458 0.0555556
0 0.59401 0.723148 0.0536458 0.0685185
0 0.444531 0.383796 0.0463542 0.0564815
0 0.185417 0.825926 0.0552083 0.0703704
0 0.786198 0.44213 0.0536458 0.0564815
0 0.386719 0.487963 0.0494792 0.0592593
0 0.245052 0.323148 0.0546875 0.0592593
0 0.653906 0.724074 0.0588542 0.0703704
0 0.235417 0.438889 0.05625 0.0518519
0 0.243229 0.380556 0.0447917 0.0537037
0 0.586458 0.440741 0.0572917 0.05
0 0.595052 0.488426 0.0432292 0.0509259
0 0.860677 0.782407 0.0359375 0.0814815
0 0.645833 0.325463 0.0458333 0.0564815
0 0.444792 0.326389 0.0333333 0.0583333
0 0.394271 0.723611 0.0541667 0.0583333
0 0.585417 0.827778 0.0604167 0.0648148
0 0.64375 0.440278 0.0604167 0.0453704
0 0.59349 0.337037 0.0557292 0.05
0 0.794271 0.383333 0.034375 0.062963
0 0.186719 0.723148 0.0578125 0.0722222
0 0.39375 0.781944 0.046875 0.0657407
0 0.186458 0.381944 0.046875 0.0805556
0 0.453125 0.781944 0.0520833 0.0657407
