0 0.476562 0.136574 0.0760417 0.217593
0 0.784375 0.120833 0.0916667 0.226852
0 0.804948 0.868056 0.0838542 0.210185
0 0.414323 0.867593 0.0557292 0.192593
0 0.0263021 0.872685 0.0526042 0.25463
0 0.0924479 0.872685 0.0807292 0.193519
0 0.34375 0.896759 0.0875 0.206481
0 0.670313 0.869907 0.0635417 0.189815
0 0.916927 0.136111 0.0890625 0.272222
0 0.535156 0.864352 0.0557292 0.19537
0 0.727604 0.643981 0.096875 0.386111
0 0.221094 0.901852 0.0828125 0.192593
0 0.917448 0.64537 0.0911458 0.366667
0 0.470833 0.86713 0.0552083 0.193519
