0 0.99401 0.625 0.0119792 0.087037
0 0.988542 0.50787 0.0229167 0.0898148
0 0.632031 0.739352 0.109896 0.0916667
0 0.217187 0.413889 0.115625 0.0851852
0 0.757292 0.512963 0.103125 0.0833333
0 0.758854 0.404167 0.10625 0.0861111
0 0.332812 0.626852 0.105208 0.0833333
0 0.221094 0.736574 0.107813 0.0898148
0 0.65026 0.404167 0.106771 0.087963
0 0.341667 0.737963 0.105208 0.0907407
0 0.334375 0.401852 0.109375 0.087037
0 0.31901 0.509722 0.103646 0.0787037
0 0.636198 0.513889 0.111979 0.087037
0 0.210156 0.62963 0.109896 0.087037
0 0.753906 0.62037 0.109896 0.0944444
0 0.623958 0.626389 0.107292 0.087963
