0 0.285677 0.856019 0.0161458 0.113889
0 0.376823 0.868981 0.0234375 0.112037
0 0.422396 0.867593 0.0677083 0.264815
0 0.836458 0.140278 0.0260417 0.110185
0 0.234375 0.883796 0.0208333 0.075
0 0.563021 0.865278 0.0479167 0.265741
0 0.894792 0.693519 0.0302083 0.0925926
0 0.614323 0.844444 0.0255208 0.122222
0 0.802083 0.839815 0.0385417 0.0944444
0 0.795833 0.328241 0.0614583 0.167593
0 0.479167 0.881481 0.0666667 0.237037
0 0.294271 0.862037 0.0697917 0.275926
0 0.707812 0.875 0.0604167 0.127778
0 0.41849 0.868519 0.0578125 0.0962963
0 0.844792 0.158796 0.046875 0.100926
0 0.753385 0.706019 0.0213542 0.134259
0 0.475781 0.865278 0.0234375 0.15463
0 0.701042 0.853704 0.0354167 0.0796296
0 0.289583 0.872685 0.04375 0.165741
0 0.752865 0.161111 0.0338542 0.159259
0 0.810156 0.848611 0.0380208 0.14537
0 0.423958 0.891667 0.0416667 0.188889
0 0.83776 0.155093 0.0359375 0.19537
0 0.384635 0.884259 0.0307292 0.131481
0 0.842448 0.6875 0.0411458 0.184259
0 0.851562 0.691667 0.0479167 0.112963
0 0.566667 0.317593 0.0239583 0.177778
0 0.802865 0.851852 0.0682292 0.238889
0 0.565104 0.870833 0.0302083 0.143519
0 0.792708 0.301852 0.0354167 0.159259
0 0.384896 0.880556 0.05 0.201852
0 0.894271 0.331944 0.0697917 0.269444
0 0.560677 0.851389 0.0640625 0.119444
0 0.845052 0.702315 0.0671875 0.297222
0 0.660417 0.160185 0.0416667 0.125926
0 0.2375 0.869907 0.0541667 0.112037
0 0.613021 0.850463 0.0375 0.225
0 0.478646 0.868981 0.05625 0.123148
0 0.754427 0.156019 0.0598958 0.282407
0 0.894531 0.322685 0.0473958 0.113889
0 0.752083 0.702778 0.0322917 0.235185
0 0.571354 0.324537 0.0552083 0.123148
0 0.711719 0.852778 0.0328125 0.116667
0 0.235938 0.876389 0.0729167 0.247222
0 0.526042 0.858333 0.0520833 0.137037
0 0.894792 0.706944 0.05625 0.119444
0 0.754167 0.704167 0.065625 0.123148
