0 0.991406 0.82037 0.0171875 0.0555556
0 0.982031 0.885648 0.0359375 0.0564815
0 0.986458 0.291667 0.0270833 0.0537037
0 0.985937 0.355556 0.028125 0.0555556
0 0.522656 0.354167 0.0651042 0.0583333
0 0.28099 0.352315 0.0640625 0.0564815
0 0.0445312 0.352315 0.0744792 0.0583333
0 0.936458 0.353241 0.0708333 0.0583333
0 0.157813 0.606019 0.0645833 0.0564815
0 0.69375 0.292593 0.0645833 0.0574074
0 0.690365 0.41713 0.0682292 0.0583333
0 0.523958 0.416204 0.06875 0.0546296
0 0.20651 0.483796 0.0609375 0.0546296
0 0.944531 0.289352 0.0661458 0.0564815
0 0.275 0.416667 0.0625 0.0555556
0 0.213802 0.352778 0.0651042 0.0592593
0 0.526042 0.887963 0.065625 0.0592593
0 0.932292 0.483796 0.0645833 0.0564815
0 0.273698 0.481481 0.0671875 0.0574074
0 0.216667 0.818981 0.0645833 0.0583333
0 0.449479 0.47963 0.0677083 0.0537037
0 0.0440104 0.41713 0.0713542 0.0583333
0 0.209635 0.284259 0.0682292 0.0574074
0 0.532812 0.823148 0.0625 0.0611111
0 0.766146 0.479167 0.0635417 0.0546296
0 0.521615 0.484722 0.0630208 0.0564815
0 0.286198 0.825463 0.0671875 0.0583333
0 0.911979 0.8875 0.065625 0.0601852
0 0.278125 0.281019 0.0697917 0.0564815
0 0.0453125 0.284259 0.0739583 0.0555556
0 0.31224 0.760185 0.0828125 0.0648148
0 0.455729 0.423148 0.0614583 0.0592593
0 0.517708 0.288426 0.0614583 0.0564815
0 0.459896 0.825 0.0614583 0.0592593
0 0.457812 0.758796 0.0635417 0.0564815
0 0.2125 0.755093 0.065625 0.0564815
0 0.0484375 0.479167 0.0645833 0.0546296
0 0.216146 0.879167 0.0604167 0.0564815
0 0.446615 0.290741 0.0578125 0.0555556
0 0.698177 0.753704 0.0598958 0.0574074
0 0.770052 0.888889 0.0619792 0.0592593
0 0.930208 0.417593 0.0708333 0.0555556
0 0.761198 0.285648 0.0671875 0.0564815
0 0.0458333 0.881944 0.0677083 0.062037
0 0.928646 0.818519 0.06875 0.062963
0 0.698698 0.818981 0.0619792 0.0601852
0 0.754687 0.348148 0.0625 0.0537037
0 0.695833 0.478241 0.0645833 0.0546296
0 0.691146 0.878704 0.0625 0.0574074
0 0.536458 0.639815 0.0635417 0.0703704
0 0.773177 0.759259 0.0671875 0.062963
0 0.453906 0.360648 0.0619792 0.0564815
0 0.760417 0.416204 0.0635417 0.0546296
0 0.286198 0.889352 0.0619792 0.0564815
