0 0.85 0.471296 0.0458333 0.0388889
0 0.908594 0.664815 0.0494792 0.037037
0 0.166146 0.320833 0.0479167 0.0416667
0 0.340885 0.662037 0.0453125 0.0388889
0 0.0479167 0.320833 0.0520833 0.0398148
0 0.902083 0.424074 0.0479167 0.0407407
0 0.566406 0.663889 0.0494792 0.0462963
0 0.215625 0.319907 0.0489583 0.0398148
0 0.336458 0.4625 0.05 0.0398148
0 0.342969 0.70787 0.0453125 0.0416667
0 0.169531 0.703241 0.0473958 0.0416667
0 0.238281 0.660648 0.0598958 0.0435185
0 0.851042 0.664815 0.0489583 0.0425926
0 0.554688 0.370833 0.0427083 0.0416667
0 0.682552 0.467593 0.0463542 0.0407407
0 0.16849 0.74537 0.0442708 0.0388889
0 0.853385 0.425463 0.0505208 0.0435185
0 0.732813 0.375926 0.0458333 0.0425926
0 0.509896 0.749537 0.0458333 0.0435185
0 0.0497396 0.459722 0.0463542 0.0435185
0 0.666667 0.756944 0.04375 0.0435185
0 0.678906 0.708796 0.0494792 0.0435185
0 0.851562 0.377778 0.0552083 0.0462963
0 0.389323 0.417593 0.0494792 0.0407407
0 0.210677 0.463426 0.0494792 0.0435185
0 0.166667 0.657407 0.05 0.0425926
0 0.739323 0.709722 0.0453125 0.0435185
0 0.507292 0.373148 0.04375 0.0407407
0 0.21901 0.706944 0.0494792 0.0453704
0 0.904948 0.755556 0.0484375 0.0425926
0 0.216146 0.37037 0.0479167 0.0425926
0 0.21849 0.753704 0.0432292 0.0425926
0 0.905208 0.378704 0.0541667 0.0444444
0 0.0471354 0.369444 0.0526042 0.0425926
0 0.566406 0.756481 0.0432292 0.0425926
0 0.386198 0.326389 0.0453125 0.0435185
0 0.511979 0.330093 0.046875 0.0416667
0 0.514323 0.659259 0.0432292 0.0407407
0 0.394531 0.708333 0.0473958 0.0444444
0 0.514323 0.706481 0.0453125 0.0444444
0 0.509115 0.418981 0.0484375 0.0435185
0 0.334896 0.328241 0.0427083 0.0453704
0 0.0471354 0.415278 0.0505208 0.0416667
0 0.211979 0.416204 0.0489583 0.0435185
0 0.689323 0.330556 0.0442708 0.0425926
0 0.851302 0.712037 0.0453125 0.0425926
0 0.16849 0.369907 0.0484375 0.0435185
0 0.679167 0.420833 0.046875 0.0416667
0 0.683854 0.375926 0.046875 0.0444444
0 0.511719 0.462963 0.0463542 0.0388889
0 0.907031 0.711111 0.0473958 0.0444444
0 0.390625 0.755093 0.05 0.0453704
0 0.389583 0.372685 0.0479167 0.0435185
0 0.560156 0.325926 0.0473958 0.0444444
0 0.341146 0.420833 0.046875 0.0453704
0 0.56224 0.463889 0.0453125 0.0407407
0 0.046875 0.747685 0.0489583 0.0435185
0 0.734375 0.331019 0.0447917 0.0435185
0 0.388802 0.465741 0.0463542 0.0425926
0 0.557813 0.419444 0.04375 0.0407407
0 0.853385 0.333333 0.0536458 0.0444444
0 0.163802 0.463889 0.0463542 0.0425926
0 0.73099 0.756944 0.0515625 0.0453704
0 0.340104 0.377315 0.0479167 0.0453704
0 0.982031 0.167593 0.0286458 0.0814815
0 0.115104 0.638426 0.0541667 0.0842593
