0 0.977604 0.869444 0.0364583 0.0425926
0 0.986719 0.881481 0.0244792 0.0574074
0 0.986979 0.349074 0.0260417 0.0537037
0 0.752083 0.351389 0.0416667 0.0324074
0 0.691667 0.877778 0.05625 0.0296296
0 0.451823 0.279167 0.0671875 0.0324074
0 0.460677 0.419907 0.0484375 0.0361111
0 0.218229 0.35 0.0479167 0.0425926
0 0.0408854 0.284722 0.0755208 0.0361111
0 0.279167 0.349537 0.05 0.0361111
0 0.460677 0.757407 0.0557292 0.0277778
0 0.950521 0.287037 0.0552083 0.0388889
0 0.21849 0.877315 0.0494792 0.0268519
0 0.448958 0.290278 0.04375 0.0305556
0 0.31849 0.759722 0.0619792 0.0342593
0 0.524219 0.355093 0.0546875 0.0342593
0 0.216406 0.285648 0.0505208 0.0324074
0 0.692187 0.287963 0.05 0.0333333
0 0.222135 0.817593 0.0526042 0.0351852
0 0.283594 0.28287 0.0505208 0.0324074
0 0.522396 0.283796 0.0479167 0.0268519
0 0.697135 0.744444 0.0598958 0.0685185
0 0.527083 0.884259 0.0520833 0.0407407
0 0.322135 0.758796 0.0640625 0.0916667
0 0.283073 0.874074 0.0588542 0.0314815
0 0.701563 0.815741 0.0520833 0.0333333
0 0.465104 0.824537 0.0614583 0.0305556
0 0.214062 0.341667 0.0708333 0.0666667
0 0.278125 0.418981 0.0447917 0.0342593
0 0.940104 0.351389 0.0677083 0.0768519
0 0.0427083 0.350926 0.0677083 0.0351852
0 0.939323 0.345833 0.0588542 0.037963
0 0.383333 0.655093 0.0458333 0.0287037
0 0.760156 0.286574 0.0515625 0.0324074
0 0.472656 0.584259 0.0484375 0.037037
0 0.21276 0.475926 0.0734375 0.0518519
0 0.934375 0.408333 0.046875 0.0333333
0 0.933333 0.818056 0.059375 0.0361111
0 0.0526042 0.473611 0.04375 0.0342593
0 0.316667 0.756019 0.102083 0.0546296
0 0.45651 0.361574 0.0453125 0.0361111
0 0.452865 0.474537 0.0505208 0.0361111
0 0.524479 0.481944 0.0427083 0.037963
0 0.290625 0.818981 0.0583333 0.0324074
0 0.05 0.410648 0.0447917 0.0398148
0 0.910677 0.882407 0.0578125 0.0407407
0 0.279948 0.342593 0.0651042 0.0611111
0 0.379948 0.65463 0.0598958 0.0666667
0 0.525781 0.412963 0.0546875 0.0333333
0 0.947135 0.283796 0.0567708 0.0916667
0 0.70026 0.474074 0.0432292 0.0277778
0 0.763021 0.412963 0.0447917 0.0351852
0 0.0492188 0.877315 0.0828125 0.0731481
0 0.525781 0.813889 0.0744792 0.0240741
0 0.0481771 0.279167 0.0828125 0.0694444
0 0.463281 0.817593 0.0630208 0.0666667
0 0.754427 0.343981 0.0505208 0.062037
0 0.0445312 0.352778 0.0817708 0.0722222
0 0.220833 0.874074 0.0552083 0.062963
0 0.280729 0.477315 0.071875 0.0564815
0 0.773438 0.760185 0.0447917 0.0555556
0 0.289323 0.818056 0.0703125 0.0638889
0 0.697135 0.291667 0.0661458 0.0685185
0 0.76849 0.888889 0.0651042 0.0407407
0 0.46224 0.415278 0.0744792 0.0527778
0 0.0544271 0.473611 0.0661458 0.0527778
0 0.21276 0.278241 0.0609375 0.0731481
0 0.455469 0.471759 0.0776042 0.0601852
0 0.446354 0.281944 0.0510417 0.0657407
0 0.521615 0.476852 0.0515625 0.0777778
0 0.697396 0.4125 0.0802083 0.0509259
0 0.284635 0.889815 0.0598958 0.037037
0 0.521094 0.350926 0.0703125 0.0648148
0 0.915365 0.878704 0.0651042 0.0796296
0 0.772396 0.886111 0.0520833 0.0814815
0 0.940365 0.475926 0.0786458 0.0518519
0 0.929688 0.8125 0.0697917 0.0731481
0 0.521875 0.410648 0.0739583 0.0675926
0 0.471094 0.590278 0.0671875 0.0694444
0 0.0476562 0.410185 0.0744792 0.0666667
0 0.454688 0.35463 0.0635417 0.0703704
0 0.463021 0.753704 0.0708333 0.062963
0 0.927344 0.416204 0.0734375 0.0546296
0 0.222396 0.813889 0.0666667 0.0666667
0 0.764063 0.280093 0.0708333 0.0601852
0 0.53125 0.884259 0.0760417 0.0740741
0 0.213542 0.750926 0.075 0.0592593
0 0.703385 0.813889 0.0723958 0.0574074
0 0.539062 0.817593 0.0625 0.0703704
0 0.520573 0.28287 0.0505208 0.0601852
0 0.28099 0.276852 0.0796875 0.0611111
0 0.696615 0.471759 0.0567708 0.0731481
0 0.288542 0.886111 0.0635417 0.0814815
0 0.770833 0.473148 0.05625 0.0425926
0 0.695573 0.872222 0.0619792 0.0722222
0 0.763281 0.413426 0.0546875 0.0657407
0 0.781771 0.753704 0.0895833 0.0462963
0 0.279948 0.410185 0.0723958 0.0611111
