0 0.989844 0.570833 0.0203125 0.0972222
0 0.0414063 0.925926 0.0817708 0.142593
0 0.755469 0.57963 0.102604 0.0851852
0 0.649219 0.468519 0.106771 0.087037
0 0.209115 0.696759 0.117188 0.087963
0 0.625781 0.692593 0.111979 0.0907407
0 0.215104 0.47963 0.116667 0.0833333
0 0.329427 0.468056 0.107813 0.0898148
0 0.330469 0.694907 0.104687 0.087963
0 0.319271 0.577778 0.10625 0.0833333
0 0.757552 0.469907 0.106771 0.087963
0 0.217448 0.805093 0.106771 0.0861111
0 0.3375 0.806944 0.105208 0.087963
0 0.634896 0.581481 0.110417 0.0888889
0 0.629687 0.806944 0.109375 0.0990741
0 0.752865 0.684259 0.108854 0.0907407
