0 0.985417 0.922222 0.0291667 0.1
0 0.64974 0.320833 0.0276042 0.108333
0 0.986979 0.781944 0.0260417 0.0935185
0 0.680469 0.901852 0.0296875 0.118519
0 0.557292 0.906944 0.0270833 0.102778
0 0.490885 0.908333 0.0244792 0.101852
0 0.645833 0.676389 0.025 0.0972222
0 0.463281 0.677778 0.0255208 0.101852
0 0.71224 0.900463 0.0286458 0.108333
0 0.524219 0.690278 0.0255208 0.102778
0 0.865104 0.576389 0.0302083 0.102778
0 0.27526 0.905093 0.0296875 0.100926
0 0.463542 0.91713 0.0239583 0.0972222
0 0.820573 0.884722 0.0526042 0.0916667
0 0.771354 0.573611 0.03125 0.102778
0 0.678646 0.669907 0.0239583 0.0916667
0 0.523698 0.909259 0.0265625 0.101852
0 0.741927 0.675926 0.0265625 0.0981481
0 0.585156 0.905556 0.0296875 0.107407
0 0.834375 0.572685 0.0291667 0.10463
0 0.833333 0.209722 0.028125 0.0898148
0 0.80625 0.672222 0.028125 0.1
0 0.866927 0.327315 0.0276042 0.100926
0 0.586979 0.684259 0.0260417 0.103704
0 0.647396 0.911574 0.028125 0.0990741
0 0.617708 0.673611 0.028125 0.100926
0 0.428906 0.681944 0.0265625 0.10463
0 0.975 0.816667 0.05 0.103704
0 0.711198 0.209259 0.0265625 0.0944444
0 0.553906 0.685648 0.0255208 0.110185
0 0.773438 0.208333 0.0270833 0.101852
0 0.398958 0.90463 0.0260417 0.0981481
0 0.801823 0.312963 0.0296875 0.101852
