0 0.909896 0.665741 0.0489583 0.037037
0 0.0492188 0.320833 0.0526042 0.0398148
0 0.850521 0.471759 0.0458333 0.037963
0 0.342187 0.661574 0.046875 0.0416667
0 0.167708 0.321759 0.0479167 0.0416667
0 0.902865 0.424537 0.0473958 0.0398148
0 0.567187 0.663889 0.0489583 0.0462963
0 0.239583 0.660648 0.0604167 0.0435185
0 0.683333 0.468056 0.046875 0.0416667
0 0.33724 0.4625 0.0505208 0.0398148
0 0.0489583 0.369444 0.053125 0.0425926
0 0.217187 0.319907 0.0489583 0.037963
0 0.170833 0.703241 0.046875 0.0435185
0 0.854427 0.426389 0.0505208 0.0453704
0 0.905729 0.755556 0.05 0.0444444
0 0.679167 0.708796 0.0489583 0.0435185
0 0.554948 0.370833 0.0421875 0.0398148
0 0.169531 0.745833 0.0442708 0.0398148
0 0.853906 0.333333 0.0515625 0.0425926
0 0.739844 0.710185 0.0453125 0.0425926
0 0.508333 0.374074 0.04375 0.0425926
0 0.0513021 0.459722 0.0473958 0.0416667
0 0.666927 0.756944 0.0442708 0.0435185
0 0.510677 0.749537 0.0453125 0.0416667
0 0.0489583 0.415278 0.05 0.0416667
0 0.733594 0.376852 0.0453125 0.0425926
0 0.514844 0.706019 0.0453125 0.0435185
0 0.167969 0.657407 0.0494792 0.0444444
0 0.904948 0.378704 0.0526042 0.0425926
0 0.34375 0.70787 0.0447917 0.0416667
0 0.341406 0.376852 0.0453125 0.0425926
0 0.219792 0.706944 0.0489583 0.0453704
0 0.907812 0.711111 0.046875 0.0444444
0 0.386979 0.326852 0.0458333 0.0444444
0 0.216927 0.370833 0.0484375 0.0435185
0 0.566927 0.757407 0.0453125 0.0425926
0 0.390625 0.373611 0.0489583 0.0453704
0 0.211719 0.463889 0.0494792 0.0425926
0 0.51276 0.330556 0.0473958 0.0407407
0 0.390625 0.418056 0.0489583 0.0435185
0 0.390885 0.755093 0.0494792 0.0416667
0 0.395573 0.708333 0.0463542 0.0444444
0 0.219792 0.753704 0.04375 0.0425926
0 0.680469 0.421296 0.0463542 0.0407407
0 0.690104 0.331019 0.0458333 0.0435185
0 0.851823 0.665278 0.0494792 0.0416667
0 0.213281 0.416667 0.0484375 0.0425926
0 0.513021 0.463889 0.0458333 0.0388889
0 0.852344 0.712037 0.0442708 0.0425926
0 0.335677 0.328241 0.0432292 0.0435185
0 0.684896 0.376852 0.0479167 0.0444444
0 0.0484375 0.747222 0.0489583 0.0444444
0 0.509896 0.419907 0.0479167 0.0453704
0 0.389844 0.465741 0.0463542 0.0425926
0 0.852083 0.377778 0.0552083 0.0462963
0 0.515365 0.659722 0.0442708 0.0435185
0 0.734635 0.331944 0.0442708 0.0416667
0 0.169271 0.370833 0.0479167 0.0453704
0 0.560677 0.326852 0.0484375 0.0462963
0 0.563021 0.464352 0.0458333 0.0416667
0 0.164583 0.463889 0.046875 0.0425926
0 0.342708 0.421759 0.0458333 0.0453704
0 0.559375 0.419907 0.0447917 0.0416667
0 0.73125 0.757407 0.0510417 0.0462963
0 0.982292 0.168056 0.0291667 0.0824074
0 0.108594 0.658796 0.0484375 0.0953704
