0 0.536719 0.837963 0.0213542 0.116667
0 0.809115 0.827778 0.00989583 0.116667
0 0.844531 0.261111 0.0348958 0.198148
0 0.459896 0.835648 0.0322917 0.156481
0 0.919531 0.703704 0.0255208 0.181481
0 0.918229 0.261111 0.0322917 0.109259
0 0.961458 0.39537 0.034375 0.127778
0 0.577604 0.838426 0.0260417 0.125
0 0.61901 0.840278 0.0307292 0.115741
0 0.686458 0.822222 0.034375 0.122222
0 0.888281 0.826389 0.0484375 0.112037
0 0.879427 0.378704 0.0359375 0.12037
0 0.653906 0.822685 0.0317708 0.123148
0 0.420833 0.836111 0.05 0.122222
0 0.770312 0.261574 0.0302083 0.108333
0 0.729688 0.821759 0.0427083 0.117593
0 0.696094 0.39537 0.0369792 0.12037
0 0.961719 0.706944 0.0328125 0.112037
0 0.846354 0.705093 0.0395833 0.115741
